-1.27439e+00
-7.20348e-01
-1.67085e-01
-1.27681e+00
-7.21250e-01
-1.66461e-01
-1.27439e+00
-7.20348e-01
-1.67085e-01
-1.09422e+00
-5.45847e-01
-3.92820e-03
-1.09776e+00
-5.47769e-01
-4.30420e-03
-1.09422e+00
-5.45847e-01
-3.92820e-03
-9.09700e-01
-3.81339e-01
 1.34825e-01
-9.15468e-01
-3.85112e-01
 1.33057e-01
-9.09700e-01
-3.81339e-01
 1.34825e-01
-7.27719e-01
-2.36772e-01
 2.34947e-01
-7.34808e-01
-2.42231e-01
 2.31001e-01
-7.27719e-01
-2.36772e-01
 2.34947e-01
-5.56066e-01
-1.22397e-01
 2.92225e-01
-5.65148e-01
-1.28673e-01
 2.88838e-01
-5.56066e-01
-1.22397e-01
 2.92225e-01
-3.96191e-01
-4.06545e-02
 2.88041e-01
-4.04339e-01
-4.79488e-02
 2.81156e-01
-3.96191e-01
-4.06545e-02
 2.88041e-01
-2.53634e-01
 9.96973e-04
 2.39725e-01
-2.65651e-01
-4.96292e-03
 2.40454e-01
-2.53634e-01
 9.96973e-04
 2.39725e-01
-1.07485e-01
 7.85383e-03
 1.10363e-01
-1.03583e-01
 5.47040e-03
 1.01361e-01
-1.07485e-01
 7.85383e-03
 1.10363e-01
 0.00000e+00
 0.00000e+00
 0.00000e+00
 0.00000e+00
 0.00000e+00
 0.00000e+00
 0.00000e+00
 0.00000e+00
 0.00000e+00
 2.95957e+00
 3.12894e+00
 3.29886e+00
 2.95977e+00
 3.13016e+00
 3.30108e+00
 2.95957e+00
 3.12894e+00
 3.29886e+00
 2.39710e+00
 2.55676e+00
 2.72556e+00
 2.39885e+00
 2.55944e+00
 2.72926e+00
 2.39710e+00
 2.55676e+00
 2.72556e+00
 1.85795e+00
 1.99881e+00
 2.15791e+00
 1.86238e+00
 2.00442e+00
 2.16461e+00
 1.85795e+00
 1.99881e+00
 2.15791e+00
 1.35979e+00
 1.47029e+00
 1.61298e+00
 1.36810e+00
 1.47922e+00
 1.62273e+00
 1.35979e+00
 1.47029e+00
 1.61298e+00
 9.11962e-01
 9.92081e-01
 1.10826e+00
 9.22744e-01
 1.00415e+00
 1.12117e+00
 9.11962e-01
 9.92081e-01
 1.10826e+00
 5.43207e-01
 5.74254e-01
 6.72286e-01
 5.60616e-01
 5.91140e-01
 6.89566e-01
 5.43207e-01
 5.74254e-01
 6.72286e-01
 2.43633e-01
 2.58827e-01
 3.16575e-01
 2.60865e-01
 2.78108e-01
 3.36771e-01
 2.43633e-01
 2.58827e-01
 3.16575e-01
 8.56767e-02
 2.62804e-02
 1.08124e-01
 1.13791e-01
 5.56197e-02
 1.37347e-01
 8.56767e-02
 2.62804e-02
 1.08124e-01
 0.00000e+00
 0.00000e+00
 0.00000e+00
 0.00000e+00
 0.00000e+00
 0.00000e+00
 0.00000e+00
 0.00000e+00
 0.00000e+00
-9.48144e-04
-2.12984e-03
-3.29874e-03
 3.09883e-12
 3.72345e-12
 4.26143e-12
 9.48144e-04
 2.12984e-03
 3.29874e-03
 4.68443e-03
-2.08362e-03
-8.69831e-03
 2.75131e-12
 3.32173e-12
 3.89167e-12
-4.68443e-03
 2.08362e-03
 8.69831e-03
 1.14911e-02
-1.93659e-03
-1.50474e-02
 2.40790e-12
 2.96913e-12
 3.43709e-12
-1.14911e-02
 1.93659e-03
 1.50474e-02
 2.00220e-02
-1.76613e-03
-2.27872e-02
 2.08641e-12
 2.59657e-12
 3.02553e-12
-2.00220e-02
 1.76613e-03
 2.27872e-02
 2.50575e-02
-1.27498e-03
-2.67325e-02
 1.62842e-12
 2.14015e-12
 2.54021e-12
-2.50575e-02
 1.27498e-03
 2.67325e-02
 3.90010e-02
-1.28589e-03
-3.91441e-02
 1.15548e-12
 1.49344e-12
 1.82378e-12
-3.90010e-02
 1.28589e-03
 3.91441e-02
 3.59153e-02
 9.51104e-04
-3.34874e-02
 4.93818e-13
 7.29640e-13
 1.00212e-12
-3.59153e-02
-9.51104e-04
 3.34874e-02
 7.03394e-02
 5.50875e-05
-6.86048e-02
-1.96688e-14
 5.66385e-14
 3.44563e-13
-7.03394e-02
-5.50875e-05
 6.86048e-02
 0.00000e+00
 0.00000e+00
 0.00000e+00
 0.00000e+00
 0.00000e+00
 0.00000e+00
 0.00000e+00
 0.00000e+00
 0.00000e+00
