 Node coordinates: 
 Node            Coords 
  1   8.0000   2.0000   2.0000 
  2   8.0000   1.0000   2.0000 
  3   8.0000   0.0000   2.0000 
  4   8.0000   2.0000   1.0000 
  5   8.0000   1.0000   1.0000 
  6   8.0000   0.0000   1.0000 
  7   8.0000   2.0000   0.0000 
  8   8.0000   1.0000   0.0000 
  9   8.0000   0.0000   0.0000 
 10   7.0000   2.0000   2.0000 
 11   7.0000   1.0000   2.0000 
 12   7.0000   0.0000   2.0000 
 13   7.0000   2.0000   1.0000 
 14   7.0000   1.0000   1.0000 
 15   7.0000   0.0000   1.0000 
 16   7.0000   2.0000   0.0000 
 17   7.0000   1.0000   0.0000 
 18   7.0000   0.0000   0.0000 
 19   6.0000   2.0000   2.0000 
 20   6.0000   1.0000   2.0000 
 21   6.0000   0.0000   2.0000 
 22   6.0000   2.0000   1.0000 
 23   6.0000   1.0000   1.0000 
 24   6.0000   0.0000   1.0000 
 25   6.0000   2.0000   0.0000 
 26   6.0000   1.0000   0.0000 
 27   6.0000   0.0000   0.0000 
 28   5.0000   2.0000   2.0000 
 29   5.0000   1.0000   2.0000 
 30   5.0000   0.0000   2.0000 
 31   5.0000   2.0000   1.0000 
 32   5.0000   1.0000   1.0000 
 33   5.0000   0.0000   1.0000 
 34   5.0000   2.0000   0.0000 
 35   5.0000   1.0000   0.0000 
 36   5.0000   0.0000   0.0000 
 37   4.0000   2.0000   2.0000 
 38   4.0000   1.0000   2.0000 
 39   4.0000   0.0000   2.0000 
 40   4.0000   2.0000   1.0000 
 41   4.0000   1.0000   1.0000 
 42   4.0000   0.0000   1.0000 
 43   4.0000   2.0000   0.0000 
 44   4.0000   1.0000   0.0000 
 45   4.0000   0.0000   0.0000 
 46   3.0000   2.0000   2.0000 
 47   3.0000   1.0000   2.0000 
 48   3.0000   0.0000   2.0000 
 49   3.0000   2.0000   1.0000 
 50   3.0000   1.0000   1.0000 
 51   3.0000   0.0000   1.0000 
 52   3.0000   2.0000   0.0000 
 53   3.0000   1.0000   0.0000 
 54   3.0000   0.0000   0.0000 
 55   2.0000   2.0000   2.0000 
 56   2.0000   1.0000   2.0000 
 57   2.0000   0.0000   2.0000 
 58   2.0000   2.0000   1.0000 
 59   2.0000   1.0000   1.0000 
 60   2.0000   0.0000   1.0000 
 61   2.0000   2.0000   0.0000 
 62   2.0000   1.0000   0.0000 
 63   2.0000   0.0000   0.0000 
 64   1.0000   2.0000   2.0000 
 65   1.0000   1.0000   2.0000 
 66   1.0000   0.0000   2.0000 
 67   1.0000   2.0000   1.0000 
 68   1.0000   1.0000   1.0000 
 69   1.0000   0.0000   1.0000 
 70   1.0000   2.0000   0.0000 
 71   1.0000   1.0000   0.0000 
 72   1.0000   0.0000   0.0000 
 73   0.0000   2.0000   2.0000 
 74   0.0000   1.0000   2.0000 
 75   0.0000   0.0000   2.0000 
 76   0.0000   2.0000   1.0000 
 77   0.0000   1.0000   1.0000 
 78   0.0000   0.0000   1.0000 
 79   0.0000   2.0000   0.0000 
 80   0.0000   1.0000   0.0000 
 81   0.0000   0.0000   0.0000 


 Left Cauchy-Green deformation tensor and Cauchy stresses 
 
 Element; 1 
 int pt         Coords            B_11      B_22     B_33      B_12       B_13      B_23      s_11      s_22      s_33      s_12      s_13      s_23 
    1  7.2113  1.7887  1.7887    1.0000    1.0000    1.0000    0.0000    0.0000    0.0000    0.0000    0.0000    0.0000    0.0000    0.0000    0.0000 
    2  7.2113  1.2113  1.7887    1.0000    1.0000    1.0000    0.0000    0.0000    0.0000    0.0000    0.0000    0.0000    0.0000    0.0000    0.0000 
    3  7.2113  1.7887  1.2113    1.0000    1.0000    1.0000    0.0000    0.0000    0.0000    0.0000    0.0000    0.0000    0.0000    0.0000    0.0000 
    4  7.2113  1.2113  1.2113    1.0000    1.0000    1.0000    0.0000    0.0000    0.0000    0.0000    0.0000    0.0000    0.0000    0.0000    0.0000 
    5  7.7887  1.7887  1.7887    1.0000    1.0000    1.0000    0.0000    0.0000    0.0000    0.0000    0.0000    0.0000    0.0000    0.0000    0.0000 
    6  7.7887  1.2113  1.7887    1.0000    1.0000    1.0000    0.0000    0.0000    0.0000    0.0000    0.0000    0.0000    0.0000    0.0000    0.0000 
    7  7.7887  1.7887  1.2113    1.0000    1.0000    1.0000    0.0000    0.0000    0.0000    0.0000    0.0000    0.0000    0.0000    0.0000    0.0000 
    8  7.7887  1.2113  1.2113    1.0000    1.0000    1.0000    0.0000    0.0000    0.0000    0.0000    0.0000    0.0000    0.0000    0.0000    0.0000 
 
 Element; 2 
 int pt         Coords            B_11      B_22     B_33      B_12       B_13      B_23      s_11      s_22      s_33      s_12      s_13      s_23 
    1  7.2113  0.7887  1.7887    1.0000    1.0000    1.0000    0.0000    0.0000    0.0000    0.0000    0.0000    0.0000    0.0000    0.0000    0.0000 
    2  7.2113  0.2113  1.7887    1.0000    1.0000    1.0000    0.0000    0.0000    0.0000    0.0000    0.0000    0.0000    0.0000    0.0000    0.0000 
    3  7.2113  0.7887  1.2113    1.0000    1.0000    1.0000    0.0000    0.0000    0.0000    0.0000    0.0000    0.0000    0.0000    0.0000    0.0000 
    4  7.2113  0.2113  1.2113    1.0000    1.0000    1.0000    0.0000    0.0000    0.0000    0.0000    0.0000    0.0000    0.0000    0.0000    0.0000 
    5  7.7887  0.7887  1.7887    1.0000    1.0000    1.0000    0.0000    0.0000    0.0000    0.0000    0.0000    0.0000    0.0000    0.0000    0.0000 
    6  7.7887  0.2113  1.7887    1.0000    1.0000    1.0000    0.0000    0.0000    0.0000    0.0000    0.0000    0.0000    0.0000    0.0000    0.0000 
    7  7.7887  0.7887  1.2113    1.0000    1.0000    1.0000    0.0000    0.0000    0.0000    0.0000    0.0000    0.0000    0.0000    0.0000    0.0000 
    8  7.7887  0.2113  1.2113    1.0000    1.0000    1.0000    0.0000    0.0000    0.0000    0.0000    0.0000    0.0000    0.0000    0.0000    0.0000 
 
 Element; 3 
 int pt         Coords            B_11      B_22     B_33      B_12       B_13      B_23      s_11      s_22      s_33      s_12      s_13      s_23 
    1  7.2113  1.7887  0.7887    1.0000    1.0000    1.0000    0.0000    0.0000    0.0000    0.0000    0.0000    0.0000    0.0000    0.0000    0.0000 
    2  7.2113  1.2113  0.7887    1.0000    1.0000    1.0000    0.0000    0.0000    0.0000    0.0000    0.0000    0.0000    0.0000    0.0000    0.0000 
    3  7.2113  1.7887  0.2113    1.0000    1.0000    1.0000    0.0000    0.0000    0.0000    0.0000    0.0000    0.0000    0.0000    0.0000    0.0000 
    4  7.2113  1.2113  0.2113    1.0000    1.0000    1.0000    0.0000    0.0000    0.0000    0.0000    0.0000    0.0000    0.0000    0.0000    0.0000 
    5  7.7887  1.7887  0.7887    1.0000    1.0000    1.0000    0.0000    0.0000    0.0000    0.0000    0.0000    0.0000    0.0000    0.0000    0.0000 
    6  7.7887  1.2113  0.7887    1.0000    1.0000    1.0000    0.0000    0.0000    0.0000    0.0000    0.0000    0.0000    0.0000    0.0000    0.0000 
    7  7.7887  1.7887  0.2113    1.0000    1.0000    1.0000    0.0000    0.0000    0.0000    0.0000    0.0000    0.0000    0.0000    0.0000    0.0000 
    8  7.7887  1.2113  0.2113    1.0000    1.0000    1.0000    0.0000    0.0000    0.0000    0.0000    0.0000    0.0000    0.0000    0.0000    0.0000 
 
 Element; 4 
 int pt         Coords            B_11      B_22     B_33      B_12       B_13      B_23      s_11      s_22      s_33      s_12      s_13      s_23 
    1  7.2113  0.7887  0.7887    1.0000    1.0000    1.0000    0.0000    0.0000    0.0000    0.0000    0.0000    0.0000    0.0000    0.0000    0.0000 
    2  7.2113  0.2113  0.7887    1.0000    1.0000    1.0000    0.0000    0.0000    0.0000    0.0000    0.0000    0.0000    0.0000    0.0000    0.0000 
    3  7.2113  0.7887  0.2113    1.0000    1.0000    1.0000    0.0000    0.0000    0.0000    0.0000    0.0000    0.0000    0.0000    0.0000    0.0000 
    4  7.2113  0.2113  0.2113    1.0000    1.0000    1.0000    0.0000    0.0000    0.0000    0.0000    0.0000    0.0000    0.0000    0.0000    0.0000 
    5  7.7887  0.7887  0.7887    1.0000    1.0000    1.0000    0.0000    0.0000    0.0000    0.0000    0.0000    0.0000    0.0000    0.0000    0.0000 
    6  7.7887  0.2113  0.7887    1.0000    1.0000    1.0000    0.0000    0.0000    0.0000    0.0000    0.0000    0.0000    0.0000    0.0000    0.0000 
    7  7.7887  0.7887  0.2113    1.0000    1.0000    1.0000    0.0000    0.0000    0.0000    0.0000    0.0000    0.0000    0.0000    0.0000    0.0000 
    8  7.7887  0.2113  0.2113    1.0000    1.0000    1.0000    0.0000    0.0000    0.0000    0.0000    0.0000    0.0000    0.0000    0.0000    0.0000 
 
 Element; 5 
 int pt         Coords            B_11      B_22     B_33      B_12       B_13      B_23      s_11      s_22      s_33      s_12      s_13      s_23 
    1  6.2113  1.7887  1.7887    1.0000    1.0000    1.0000    0.0000    0.0000    0.0000    0.0000    0.0000    0.0000    0.0000    0.0000    0.0000 
    2  6.2113  1.2113  1.7887    1.0000    1.0000    1.0000    0.0000    0.0000    0.0000    0.0000    0.0000    0.0000    0.0000    0.0000    0.0000 
    3  6.2113  1.7887  1.2113    1.0000    1.0000    1.0000    0.0000    0.0000    0.0000    0.0000    0.0000    0.0000    0.0000    0.0000    0.0000 
    4  6.2113  1.2113  1.2113    1.0000    1.0000    1.0000    0.0000    0.0000    0.0000    0.0000    0.0000    0.0000    0.0000    0.0000    0.0000 
    5  6.7887  1.7887  1.7887    1.0000    1.0000    1.0000    0.0000    0.0000    0.0000    0.0000    0.0000    0.0000    0.0000    0.0000    0.0000 
    6  6.7887  1.2113  1.7887    1.0000    1.0000    1.0000    0.0000    0.0000    0.0000    0.0000    0.0000    0.0000    0.0000    0.0000    0.0000 
    7  6.7887  1.7887  1.2113    1.0000    1.0000    1.0000    0.0000    0.0000    0.0000    0.0000    0.0000    0.0000    0.0000    0.0000    0.0000 
    8  6.7887  1.2113  1.2113    1.0000    1.0000    1.0000    0.0000    0.0000    0.0000    0.0000    0.0000    0.0000    0.0000    0.0000    0.0000 
 
 Element; 6 
 int pt         Coords            B_11      B_22     B_33      B_12       B_13      B_23      s_11      s_22      s_33      s_12      s_13      s_23 
    1  6.2113  0.7887  1.7887    1.0000    1.0000    1.0000    0.0000    0.0000    0.0000    0.0000    0.0000    0.0000    0.0000    0.0000    0.0000 
    2  6.2113  0.2113  1.7887    1.0000    1.0000    1.0000    0.0000    0.0000    0.0000    0.0000    0.0000    0.0000    0.0000    0.0000    0.0000 
    3  6.2113  0.7887  1.2113    1.0000    1.0000    1.0000    0.0000    0.0000    0.0000    0.0000    0.0000    0.0000    0.0000    0.0000    0.0000 
    4  6.2113  0.2113  1.2113    1.0000    1.0000    1.0000    0.0000    0.0000    0.0000    0.0000    0.0000    0.0000    0.0000    0.0000    0.0000 
    5  6.7887  0.7887  1.7887    1.0000    1.0000    1.0000    0.0000    0.0000    0.0000    0.0000    0.0000    0.0000    0.0000    0.0000    0.0000 
    6  6.7887  0.2113  1.7887    1.0000    1.0000    1.0000    0.0000    0.0000    0.0000    0.0000    0.0000    0.0000    0.0000    0.0000    0.0000 
    7  6.7887  0.7887  1.2113    1.0000    1.0000    1.0000    0.0000    0.0000    0.0000    0.0000    0.0000    0.0000    0.0000    0.0000    0.0000 
    8  6.7887  0.2113  1.2113    1.0000    1.0000    1.0000    0.0000    0.0000    0.0000    0.0000    0.0000    0.0000    0.0000    0.0000    0.0000 
 
 Element; 7 
 int pt         Coords            B_11      B_22     B_33      B_12       B_13      B_23      s_11      s_22      s_33      s_12      s_13      s_23 
    1  6.2113  1.7887  0.7887    1.0000    1.0000    1.0000    0.0000    0.0000    0.0000    0.0000    0.0000    0.0000    0.0000    0.0000    0.0000 
    2  6.2113  1.2113  0.7887    1.0000    1.0000    1.0000    0.0000    0.0000    0.0000    0.0000    0.0000    0.0000    0.0000    0.0000    0.0000 
    3  6.2113  1.7887  0.2113    1.0000    1.0000    1.0000    0.0000    0.0000    0.0000    0.0000    0.0000    0.0000    0.0000    0.0000    0.0000 
    4  6.2113  1.2113  0.2113    1.0000    1.0000    1.0000    0.0000    0.0000    0.0000    0.0000    0.0000    0.0000    0.0000    0.0000    0.0000 
    5  6.7887  1.7887  0.7887    1.0000    1.0000    1.0000    0.0000    0.0000    0.0000    0.0000    0.0000    0.0000    0.0000    0.0000    0.0000 
    6  6.7887  1.2113  0.7887    1.0000    1.0000    1.0000    0.0000    0.0000    0.0000    0.0000    0.0000    0.0000    0.0000    0.0000    0.0000 
    7  6.7887  1.7887  0.2113    1.0000    1.0000    1.0000    0.0000    0.0000    0.0000    0.0000    0.0000    0.0000    0.0000    0.0000    0.0000 
    8  6.7887  1.2113  0.2113    1.0000    1.0000    1.0000    0.0000    0.0000    0.0000    0.0000    0.0000    0.0000    0.0000    0.0000    0.0000 
 
 Element; 8 
 int pt         Coords            B_11      B_22     B_33      B_12       B_13      B_23      s_11      s_22      s_33      s_12      s_13      s_23 
    1  6.2113  0.7887  0.7887    1.0000    1.0000    1.0000    0.0000    0.0000    0.0000    0.0000    0.0000    0.0000    0.0000    0.0000    0.0000 
    2  6.2113  0.2113  0.7887    1.0000    1.0000    1.0000    0.0000    0.0000    0.0000    0.0000    0.0000    0.0000    0.0000    0.0000    0.0000 
    3  6.2113  0.7887  0.2113    1.0000    1.0000    1.0000    0.0000    0.0000    0.0000    0.0000    0.0000    0.0000    0.0000    0.0000    0.0000 
    4  6.2113  0.2113  0.2113    1.0000    1.0000    1.0000    0.0000    0.0000    0.0000    0.0000    0.0000    0.0000    0.0000    0.0000    0.0000 
    5  6.7887  0.7887  0.7887    1.0000    1.0000    1.0000    0.0000    0.0000    0.0000    0.0000    0.0000    0.0000    0.0000    0.0000    0.0000 
    6  6.7887  0.2113  0.7887    1.0000    1.0000    1.0000    0.0000    0.0000    0.0000    0.0000    0.0000    0.0000    0.0000    0.0000    0.0000 
    7  6.7887  0.7887  0.2113    1.0000    1.0000    1.0000    0.0000    0.0000    0.0000    0.0000    0.0000    0.0000    0.0000    0.0000    0.0000 
    8  6.7887  0.2113  0.2113    1.0000    1.0000    1.0000    0.0000    0.0000    0.0000    0.0000    0.0000    0.0000    0.0000    0.0000    0.0000 
 
 Element; 9 
 int pt         Coords            B_11      B_22     B_33      B_12       B_13      B_23      s_11      s_22      s_33      s_12      s_13      s_23 
    1  5.2113  1.7887  1.7887    1.0000    1.0000    1.0000    0.0000    0.0000    0.0000    0.0000    0.0000    0.0000    0.0000    0.0000    0.0000 
    2  5.2113  1.2113  1.7887    1.0000    1.0000    1.0000    0.0000    0.0000    0.0000    0.0000    0.0000    0.0000    0.0000    0.0000    0.0000 
    3  5.2113  1.7887  1.2113    1.0000    1.0000    1.0000    0.0000    0.0000    0.0000    0.0000    0.0000    0.0000    0.0000    0.0000    0.0000 
    4  5.2113  1.2113  1.2113    1.0000    1.0000    1.0000    0.0000    0.0000    0.0000    0.0000    0.0000    0.0000    0.0000    0.0000    0.0000 
    5  5.7887  1.7887  1.7887    1.0000    1.0000    1.0000    0.0000    0.0000    0.0000    0.0000    0.0000    0.0000    0.0000    0.0000    0.0000 
    6  5.7887  1.2113  1.7887    1.0000    1.0000    1.0000    0.0000    0.0000    0.0000    0.0000    0.0000    0.0000    0.0000    0.0000    0.0000 
    7  5.7887  1.7887  1.2113    1.0000    1.0000    1.0000    0.0000    0.0000    0.0000    0.0000    0.0000    0.0000    0.0000    0.0000    0.0000 
    8  5.7887  1.2113  1.2113    1.0000    1.0000    1.0000    0.0000    0.0000    0.0000    0.0000    0.0000    0.0000    0.0000    0.0000    0.0000 
 
 Element; 10 
 int pt         Coords            B_11      B_22     B_33      B_12       B_13      B_23      s_11      s_22      s_33      s_12      s_13      s_23 
    1  5.2113  0.7887  1.7887    1.0000    1.0000    1.0000    0.0000    0.0000    0.0000    0.0000    0.0000    0.0000    0.0000    0.0000    0.0000 
    2  5.2113  0.2113  1.7887    1.0000    1.0000    1.0000    0.0000    0.0000    0.0000    0.0000    0.0000    0.0000    0.0000    0.0000    0.0000 
    3  5.2113  0.7887  1.2113    1.0000    1.0000    1.0000    0.0000    0.0000    0.0000    0.0000    0.0000    0.0000    0.0000    0.0000    0.0000 
    4  5.2113  0.2113  1.2113    1.0000    1.0000    1.0000    0.0000    0.0000    0.0000    0.0000    0.0000    0.0000    0.0000    0.0000    0.0000 
    5  5.7887  0.7887  1.7887    1.0000    1.0000    1.0000    0.0000    0.0000    0.0000    0.0000    0.0000    0.0000    0.0000    0.0000    0.0000 
    6  5.7887  0.2113  1.7887    1.0000    1.0000    1.0000    0.0000    0.0000    0.0000    0.0000    0.0000    0.0000    0.0000    0.0000    0.0000 
    7  5.7887  0.7887  1.2113    1.0000    1.0000    1.0000    0.0000    0.0000    0.0000    0.0000    0.0000    0.0000    0.0000    0.0000    0.0000 
    8  5.7887  0.2113  1.2113    1.0000    1.0000    1.0000    0.0000    0.0000    0.0000    0.0000    0.0000    0.0000    0.0000    0.0000    0.0000 
 
 Element; 11 
 int pt         Coords            B_11      B_22     B_33      B_12       B_13      B_23      s_11      s_22      s_33      s_12      s_13      s_23 
    1  5.2113  1.7887  0.7887    1.0000    1.0000    1.0000    0.0000    0.0000    0.0000    0.0000    0.0000    0.0000    0.0000    0.0000    0.0000 
    2  5.2113  1.2113  0.7887    1.0000    1.0000    1.0000    0.0000    0.0000    0.0000    0.0000    0.0000    0.0000    0.0000    0.0000    0.0000 
    3  5.2113  1.7887  0.2113    1.0000    1.0000    1.0000    0.0000    0.0000    0.0000    0.0000    0.0000    0.0000    0.0000    0.0000    0.0000 
    4  5.2113  1.2113  0.2113    1.0000    1.0000    1.0000    0.0000    0.0000    0.0000    0.0000    0.0000    0.0000    0.0000    0.0000    0.0000 
    5  5.7887  1.7887  0.7887    1.0000    1.0000    1.0000    0.0000    0.0000    0.0000    0.0000    0.0000    0.0000    0.0000    0.0000    0.0000 
    6  5.7887  1.2113  0.7887    1.0000    1.0000    1.0000    0.0000    0.0000    0.0000    0.0000    0.0000    0.0000    0.0000    0.0000    0.0000 
    7  5.7887  1.7887  0.2113    1.0000    1.0000    1.0000    0.0000    0.0000    0.0000    0.0000    0.0000    0.0000    0.0000    0.0000    0.0000 
    8  5.7887  1.2113  0.2113    1.0000    1.0000    1.0000    0.0000    0.0000    0.0000    0.0000    0.0000    0.0000    0.0000    0.0000    0.0000 
 
 Element; 12 
 int pt         Coords            B_11      B_22     B_33      B_12       B_13      B_23      s_11      s_22      s_33      s_12      s_13      s_23 
    1  5.2113  0.7887  0.7887    1.0000    1.0000    1.0000    0.0000    0.0000    0.0000    0.0000    0.0000    0.0000    0.0000    0.0000    0.0000 
    2  5.2113  0.2113  0.7887    1.0000    1.0000    1.0000    0.0000    0.0000    0.0000    0.0000    0.0000    0.0000    0.0000    0.0000    0.0000 
    3  5.2113  0.7887  0.2113    1.0000    1.0000    1.0000    0.0000    0.0000    0.0000    0.0000    0.0000    0.0000    0.0000    0.0000    0.0000 
    4  5.2113  0.2113  0.2113    1.0000    1.0000    1.0000    0.0000    0.0000    0.0000    0.0000    0.0000    0.0000    0.0000    0.0000    0.0000 
    5  5.7887  0.7887  0.7887    1.0000    1.0000    1.0000    0.0000    0.0000    0.0000    0.0000    0.0000    0.0000    0.0000    0.0000    0.0000 
    6  5.7887  0.2113  0.7887    1.0000    1.0000    1.0000    0.0000    0.0000    0.0000    0.0000    0.0000    0.0000    0.0000    0.0000    0.0000 
    7  5.7887  0.7887  0.2113    1.0000    1.0000    1.0000    0.0000    0.0000    0.0000    0.0000    0.0000    0.0000    0.0000    0.0000    0.0000 
    8  5.7887  0.2113  0.2113    1.0000    1.0000    1.0000    0.0000    0.0000    0.0000    0.0000    0.0000    0.0000    0.0000    0.0000    0.0000 
 
 Element; 13 
 int pt         Coords            B_11      B_22     B_33      B_12       B_13      B_23      s_11      s_22      s_33      s_12      s_13      s_23 
    1  4.2113  1.7887  1.7887    1.0000    1.0000    1.0000    0.0000    0.0000    0.0000    0.0000    0.0000    0.0000    0.0000    0.0000    0.0000 
    2  4.2113  1.2113  1.7887    1.0000    1.0000    1.0000    0.0000    0.0000    0.0000    0.0000    0.0000    0.0000    0.0000    0.0000    0.0000 
    3  4.2113  1.7887  1.2113    1.0000    1.0000    1.0000    0.0000    0.0000    0.0000    0.0000    0.0000    0.0000    0.0000    0.0000    0.0000 
    4  4.2113  1.2113  1.2113    1.0000    1.0000    1.0000    0.0000    0.0000    0.0000    0.0000    0.0000    0.0000    0.0000    0.0000    0.0000 
    5  4.7887  1.7887  1.7887    1.0000    1.0000    1.0000    0.0000    0.0000    0.0000    0.0000    0.0000    0.0000    0.0000    0.0000    0.0000 
    6  4.7887  1.2113  1.7887    1.0000    1.0000    1.0000    0.0000    0.0000    0.0000    0.0000    0.0000    0.0000    0.0000    0.0000    0.0000 
    7  4.7887  1.7887  1.2113    1.0000    1.0000    1.0000    0.0000    0.0000    0.0000    0.0000    0.0000    0.0000    0.0000    0.0000    0.0000 
    8  4.7887  1.2113  1.2113    1.0000    1.0000    1.0000    0.0000    0.0000    0.0000    0.0000    0.0000    0.0000    0.0000    0.0000    0.0000 
 
 Element; 14 
 int pt         Coords            B_11      B_22     B_33      B_12       B_13      B_23      s_11      s_22      s_33      s_12      s_13      s_23 
    1  4.2113  0.7887  1.7887    1.0000    1.0000    1.0000    0.0000    0.0000    0.0000    0.0000    0.0000    0.0000    0.0000    0.0000    0.0000 
    2  4.2113  0.2113  1.7887    1.0000    1.0000    1.0000    0.0000    0.0000    0.0000    0.0000    0.0000    0.0000    0.0000    0.0000    0.0000 
    3  4.2113  0.7887  1.2113    1.0000    1.0000    1.0000    0.0000    0.0000    0.0000    0.0000    0.0000    0.0000    0.0000    0.0000    0.0000 
    4  4.2113  0.2113  1.2113    1.0000    1.0000    1.0000    0.0000    0.0000    0.0000    0.0000    0.0000    0.0000    0.0000    0.0000    0.0000 
    5  4.7887  0.7887  1.7887    1.0000    1.0000    1.0000    0.0000    0.0000    0.0000    0.0000    0.0000    0.0000    0.0000    0.0000    0.0000 
    6  4.7887  0.2113  1.7887    1.0000    1.0000    1.0000    0.0000    0.0000    0.0000    0.0000    0.0000    0.0000    0.0000    0.0000    0.0000 
    7  4.7887  0.7887  1.2113    1.0000    1.0000    1.0000    0.0000    0.0000    0.0000    0.0000    0.0000    0.0000    0.0000    0.0000    0.0000 
    8  4.7887  0.2113  1.2113    1.0000    1.0000    1.0000    0.0000    0.0000    0.0000    0.0000    0.0000    0.0000    0.0000    0.0000    0.0000 
 
 Element; 15 
 int pt         Coords            B_11      B_22     B_33      B_12       B_13      B_23      s_11      s_22      s_33      s_12      s_13      s_23 
    1  4.2113  1.7887  0.7887    1.0000    1.0000    1.0000    0.0000    0.0000    0.0000    0.0000    0.0000    0.0000    0.0000    0.0000    0.0000 
    2  4.2113  1.2113  0.7887    1.0000    1.0000    1.0000    0.0000    0.0000    0.0000    0.0000    0.0000    0.0000    0.0000    0.0000    0.0000 
    3  4.2113  1.7887  0.2113    1.0000    1.0000    1.0000    0.0000    0.0000    0.0000    0.0000    0.0000    0.0000    0.0000    0.0000    0.0000 
    4  4.2113  1.2113  0.2113    1.0000    1.0000    1.0000    0.0000    0.0000    0.0000    0.0000    0.0000    0.0000    0.0000    0.0000    0.0000 
    5  4.7887  1.7887  0.7887    1.0000    1.0000    1.0000    0.0000    0.0000    0.0000    0.0000    0.0000    0.0000    0.0000    0.0000    0.0000 
    6  4.7887  1.2113  0.7887    1.0000    1.0000    1.0000    0.0000    0.0000    0.0000    0.0000    0.0000    0.0000    0.0000    0.0000    0.0000 
    7  4.7887  1.7887  0.2113    1.0000    1.0000    1.0000    0.0000    0.0000    0.0000    0.0000    0.0000    0.0000    0.0000    0.0000    0.0000 
    8  4.7887  1.2113  0.2113    1.0000    1.0000    1.0000    0.0000    0.0000    0.0000    0.0000    0.0000    0.0000    0.0000    0.0000    0.0000 
 
 Element; 16 
 int pt         Coords            B_11      B_22     B_33      B_12       B_13      B_23      s_11      s_22      s_33      s_12      s_13      s_23 
    1  4.2113  0.7887  0.7887    1.0000    1.0000    1.0000    0.0000    0.0000    0.0000    0.0000    0.0000    0.0000    0.0000    0.0000    0.0000 
    2  4.2113  0.2113  0.7887    1.0000    1.0000    1.0000    0.0000    0.0000    0.0000    0.0000    0.0000    0.0000    0.0000    0.0000    0.0000 
    3  4.2113  0.7887  0.2113    1.0000    1.0000    1.0000    0.0000    0.0000    0.0000    0.0000    0.0000    0.0000    0.0000    0.0000    0.0000 
    4  4.2113  0.2113  0.2113    1.0000    1.0000    1.0000    0.0000    0.0000    0.0000    0.0000    0.0000    0.0000    0.0000    0.0000    0.0000 
    5  4.7887  0.7887  0.7887    1.0000    1.0000    1.0000    0.0000    0.0000    0.0000    0.0000    0.0000    0.0000    0.0000    0.0000    0.0000 
    6  4.7887  0.2113  0.7887    1.0000    1.0000    1.0000    0.0000    0.0000    0.0000    0.0000    0.0000    0.0000    0.0000    0.0000    0.0000 
    7  4.7887  0.7887  0.2113    1.0000    1.0000    1.0000    0.0000    0.0000    0.0000    0.0000    0.0000    0.0000    0.0000    0.0000    0.0000 
    8  4.7887  0.2113  0.2113    1.0000    1.0000    1.0000    0.0000    0.0000    0.0000    0.0000    0.0000    0.0000    0.0000    0.0000    0.0000 
 
 Element; 17 
 int pt         Coords            B_11      B_22     B_33      B_12       B_13      B_23      s_11      s_22      s_33      s_12      s_13      s_23 
    1  3.2113  1.7887  1.7887    1.0000    1.0000    1.0000    0.0000    0.0000    0.0000    0.0000    0.0000    0.0000    0.0000    0.0000    0.0000 
    2  3.2113  1.2113  1.7887    1.0000    1.0000    1.0000    0.0000    0.0000    0.0000    0.0000    0.0000    0.0000    0.0000    0.0000    0.0000 
    3  3.2113  1.7887  1.2113    1.0000    1.0000    1.0000    0.0000    0.0000    0.0000    0.0000    0.0000    0.0000    0.0000    0.0000    0.0000 
    4  3.2113  1.2113  1.2113    1.0000    1.0000    1.0000    0.0000    0.0000    0.0000    0.0000    0.0000    0.0000    0.0000    0.0000    0.0000 
    5  3.7887  1.7887  1.7887    1.0000    1.0000    1.0000    0.0000    0.0000    0.0000    0.0000    0.0000    0.0000    0.0000    0.0000    0.0000 
    6  3.7887  1.2113  1.7887    1.0000    1.0000    1.0000    0.0000    0.0000    0.0000    0.0000    0.0000    0.0000    0.0000    0.0000    0.0000 
    7  3.7887  1.7887  1.2113    1.0000    1.0000    1.0000    0.0000    0.0000    0.0000    0.0000    0.0000    0.0000    0.0000    0.0000    0.0000 
    8  3.7887  1.2113  1.2113    1.0000    1.0000    1.0000    0.0000    0.0000    0.0000    0.0000    0.0000    0.0000    0.0000    0.0000    0.0000 
 
 Element; 18 
 int pt         Coords            B_11      B_22     B_33      B_12       B_13      B_23      s_11      s_22      s_33      s_12      s_13      s_23 
    1  3.2113  0.7887  1.7887    1.0000    1.0000    1.0000    0.0000    0.0000    0.0000    0.0000    0.0000    0.0000    0.0000    0.0000    0.0000 
    2  3.2113  0.2113  1.7887    1.0000    1.0000    1.0000    0.0000    0.0000    0.0000    0.0000    0.0000    0.0000    0.0000    0.0000    0.0000 
    3  3.2113  0.7887  1.2113    1.0000    1.0000    1.0000    0.0000    0.0000    0.0000    0.0000    0.0000    0.0000    0.0000    0.0000    0.0000 
    4  3.2113  0.2113  1.2113    1.0000    1.0000    1.0000    0.0000    0.0000    0.0000    0.0000    0.0000    0.0000    0.0000    0.0000    0.0000 
    5  3.7887  0.7887  1.7887    1.0000    1.0000    1.0000    0.0000    0.0000    0.0000    0.0000    0.0000    0.0000    0.0000    0.0000    0.0000 
    6  3.7887  0.2113  1.7887    1.0000    1.0000    1.0000    0.0000    0.0000    0.0000    0.0000    0.0000    0.0000    0.0000    0.0000    0.0000 
    7  3.7887  0.7887  1.2113    1.0000    1.0000    1.0000    0.0000    0.0000    0.0000    0.0000    0.0000    0.0000    0.0000    0.0000    0.0000 
    8  3.7887  0.2113  1.2113    1.0000    1.0000    1.0000    0.0000    0.0000    0.0000    0.0000    0.0000    0.0000    0.0000    0.0000    0.0000 
 
 Element; 19 
 int pt         Coords            B_11      B_22     B_33      B_12       B_13      B_23      s_11      s_22      s_33      s_12      s_13      s_23 
    1  3.2113  1.7887  0.7887    1.0000    1.0000    1.0000    0.0000    0.0000    0.0000    0.0000    0.0000    0.0000    0.0000    0.0000    0.0000 
    2  3.2113  1.2113  0.7887    1.0000    1.0000    1.0000    0.0000    0.0000    0.0000    0.0000    0.0000    0.0000    0.0000    0.0000    0.0000 
    3  3.2113  1.7887  0.2113    1.0000    1.0000    1.0000    0.0000    0.0000    0.0000    0.0000    0.0000    0.0000    0.0000    0.0000    0.0000 
    4  3.2113  1.2113  0.2113    1.0000    1.0000    1.0000    0.0000    0.0000    0.0000    0.0000    0.0000    0.0000    0.0000    0.0000    0.0000 
    5  3.7887  1.7887  0.7887    1.0000    1.0000    1.0000    0.0000    0.0000    0.0000    0.0000    0.0000    0.0000    0.0000    0.0000    0.0000 
    6  3.7887  1.2113  0.7887    1.0000    1.0000    1.0000    0.0000    0.0000    0.0000    0.0000    0.0000    0.0000    0.0000    0.0000    0.0000 
    7  3.7887  1.7887  0.2113    1.0000    1.0000    1.0000    0.0000    0.0000    0.0000    0.0000    0.0000    0.0000    0.0000    0.0000    0.0000 
    8  3.7887  1.2113  0.2113    1.0000    1.0000    1.0000    0.0000    0.0000    0.0000    0.0000    0.0000    0.0000    0.0000    0.0000    0.0000 
 
 Element; 20 
 int pt         Coords            B_11      B_22     B_33      B_12       B_13      B_23      s_11      s_22      s_33      s_12      s_13      s_23 
    1  3.2113  0.7887  0.7887    1.0000    1.0000    1.0000    0.0000    0.0000    0.0000    0.0000    0.0000    0.0000    0.0000    0.0000    0.0000 
    2  3.2113  0.2113  0.7887    1.0000    1.0000    1.0000    0.0000    0.0000    0.0000    0.0000    0.0000    0.0000    0.0000    0.0000    0.0000 
    3  3.2113  0.7887  0.2113    1.0000    1.0000    1.0000    0.0000    0.0000    0.0000    0.0000    0.0000    0.0000    0.0000    0.0000    0.0000 
    4  3.2113  0.2113  0.2113    1.0000    1.0000    1.0000    0.0000    0.0000    0.0000    0.0000    0.0000    0.0000    0.0000    0.0000    0.0000 
    5  3.7887  0.7887  0.7887    1.0000    1.0000    1.0000    0.0000    0.0000    0.0000    0.0000    0.0000    0.0000    0.0000    0.0000    0.0000 
    6  3.7887  0.2113  0.7887    1.0000    1.0000    1.0000    0.0000    0.0000    0.0000    0.0000    0.0000    0.0000    0.0000    0.0000    0.0000 
    7  3.7887  0.7887  0.2113    1.0000    1.0000    1.0000    0.0000    0.0000    0.0000    0.0000    0.0000    0.0000    0.0000    0.0000    0.0000 
    8  3.7887  0.2113  0.2113    1.0000    1.0000    1.0000    0.0000    0.0000    0.0000    0.0000    0.0000    0.0000    0.0000    0.0000    0.0000 
 
 Element; 21 
 int pt         Coords            B_11      B_22     B_33      B_12       B_13      B_23      s_11      s_22      s_33      s_12      s_13      s_23 
    1  2.2113  1.7887  1.7887    1.0000    1.0000    1.0000    0.0000    0.0000    0.0000    0.0000    0.0000    0.0000    0.0000    0.0000    0.0000 
    2  2.2113  1.2113  1.7887    1.0000    1.0000    1.0000    0.0000    0.0000    0.0000    0.0000    0.0000    0.0000    0.0000    0.0000    0.0000 
    3  2.2113  1.7887  1.2113    1.0000    1.0000    1.0000    0.0000    0.0000    0.0000    0.0000    0.0000    0.0000    0.0000    0.0000    0.0000 
    4  2.2113  1.2113  1.2113    1.0000    1.0000    1.0000    0.0000    0.0000    0.0000    0.0000    0.0000    0.0000    0.0000    0.0000    0.0000 
    5  2.7887  1.7887  1.7887    1.0000    1.0000    1.0000    0.0000    0.0000    0.0000    0.0000    0.0000    0.0000    0.0000    0.0000    0.0000 
    6  2.7887  1.2113  1.7887    1.0000    1.0000    1.0000    0.0000    0.0000    0.0000    0.0000    0.0000    0.0000    0.0000    0.0000    0.0000 
    7  2.7887  1.7887  1.2113    1.0000    1.0000    1.0000    0.0000    0.0000    0.0000    0.0000    0.0000    0.0000    0.0000    0.0000    0.0000 
    8  2.7887  1.2113  1.2113    1.0000    1.0000    1.0000    0.0000    0.0000    0.0000    0.0000    0.0000    0.0000    0.0000    0.0000    0.0000 
 
 Element; 22 
 int pt         Coords            B_11      B_22     B_33      B_12       B_13      B_23      s_11      s_22      s_33      s_12      s_13      s_23 
    1  2.2113  0.7887  1.7887    1.0000    1.0000    1.0000    0.0000    0.0000    0.0000    0.0000    0.0000    0.0000    0.0000    0.0000    0.0000 
    2  2.2113  0.2113  1.7887    1.0000    1.0000    1.0000    0.0000    0.0000    0.0000    0.0000    0.0000    0.0000    0.0000    0.0000    0.0000 
    3  2.2113  0.7887  1.2113    1.0000    1.0000    1.0000    0.0000    0.0000    0.0000    0.0000    0.0000    0.0000    0.0000    0.0000    0.0000 
    4  2.2113  0.2113  1.2113    1.0000    1.0000    1.0000    0.0000    0.0000    0.0000    0.0000    0.0000    0.0000    0.0000    0.0000    0.0000 
    5  2.7887  0.7887  1.7887    1.0000    1.0000    1.0000    0.0000    0.0000    0.0000    0.0000    0.0000    0.0000    0.0000    0.0000    0.0000 
    6  2.7887  0.2113  1.7887    1.0000    1.0000    1.0000    0.0000    0.0000    0.0000    0.0000    0.0000    0.0000    0.0000    0.0000    0.0000 
    7  2.7887  0.7887  1.2113    1.0000    1.0000    1.0000    0.0000    0.0000    0.0000    0.0000    0.0000    0.0000    0.0000    0.0000    0.0000 
    8  2.7887  0.2113  1.2113    1.0000    1.0000    1.0000    0.0000    0.0000    0.0000    0.0000    0.0000    0.0000    0.0000    0.0000    0.0000 
 
 Element; 23 
 int pt         Coords            B_11      B_22     B_33      B_12       B_13      B_23      s_11      s_22      s_33      s_12      s_13      s_23 
    1  2.2113  1.7887  0.7887    1.0000    1.0000    1.0000    0.0000    0.0000    0.0000    0.0000    0.0000    0.0000    0.0000    0.0000    0.0000 
    2  2.2113  1.2113  0.7887    1.0000    1.0000    1.0000    0.0000    0.0000    0.0000    0.0000    0.0000    0.0000    0.0000    0.0000    0.0000 
    3  2.2113  1.7887  0.2113    1.0000    1.0000    1.0000    0.0000    0.0000    0.0000    0.0000    0.0000    0.0000    0.0000    0.0000    0.0000 
    4  2.2113  1.2113  0.2113    1.0000    1.0000    1.0000    0.0000    0.0000    0.0000    0.0000    0.0000    0.0000    0.0000    0.0000    0.0000 
    5  2.7887  1.7887  0.7887    1.0000    1.0000    1.0000    0.0000    0.0000    0.0000    0.0000    0.0000    0.0000    0.0000    0.0000    0.0000 
    6  2.7887  1.2113  0.7887    1.0000    1.0000    1.0000    0.0000    0.0000    0.0000    0.0000    0.0000    0.0000    0.0000    0.0000    0.0000 
    7  2.7887  1.7887  0.2113    1.0000    1.0000    1.0000    0.0000    0.0000    0.0000    0.0000    0.0000    0.0000    0.0000    0.0000    0.0000 
    8  2.7887  1.2113  0.2113    1.0000    1.0000    1.0000    0.0000    0.0000    0.0000    0.0000    0.0000    0.0000    0.0000    0.0000    0.0000 
 
 Element; 24 
 int pt         Coords            B_11      B_22     B_33      B_12       B_13      B_23      s_11      s_22      s_33      s_12      s_13      s_23 
    1  2.2113  0.7887  0.7887    1.0000    1.0000    1.0000    0.0000    0.0000    0.0000    0.0000    0.0000    0.0000    0.0000    0.0000    0.0000 
    2  2.2113  0.2113  0.7887    1.0000    1.0000    1.0000    0.0000    0.0000    0.0000    0.0000    0.0000    0.0000    0.0000    0.0000    0.0000 
    3  2.2113  0.7887  0.2113    1.0000    1.0000    1.0000    0.0000    0.0000    0.0000    0.0000    0.0000    0.0000    0.0000    0.0000    0.0000 
    4  2.2113  0.2113  0.2113    1.0000    1.0000    1.0000    0.0000    0.0000    0.0000    0.0000    0.0000    0.0000    0.0000    0.0000    0.0000 
    5  2.7887  0.7887  0.7887    1.0000    1.0000    1.0000    0.0000    0.0000    0.0000    0.0000    0.0000    0.0000    0.0000    0.0000    0.0000 
    6  2.7887  0.2113  0.7887    1.0000    1.0000    1.0000    0.0000    0.0000    0.0000    0.0000    0.0000    0.0000    0.0000    0.0000    0.0000 
    7  2.7887  0.7887  0.2113    1.0000    1.0000    1.0000    0.0000    0.0000    0.0000    0.0000    0.0000    0.0000    0.0000    0.0000    0.0000 
    8  2.7887  0.2113  0.2113    1.0000    1.0000    1.0000    0.0000    0.0000    0.0000    0.0000    0.0000    0.0000    0.0000    0.0000    0.0000 
 
 Element; 25 
 int pt         Coords            B_11      B_22     B_33      B_12       B_13      B_23      s_11      s_22      s_33      s_12      s_13      s_23 
    1  1.2113  1.7887  1.7887    1.0000    1.0000    1.0000    0.0000    0.0000    0.0000    0.0000    0.0000    0.0000    0.0000    0.0000    0.0000 
    2  1.2113  1.2113  1.7887    1.0000    1.0000    1.0000    0.0000    0.0000    0.0000    0.0000    0.0000    0.0000    0.0000    0.0000    0.0000 
    3  1.2113  1.7887  1.2113    1.0000    1.0000    1.0000    0.0000    0.0000    0.0000    0.0000    0.0000    0.0000    0.0000    0.0000    0.0000 
    4  1.2113  1.2113  1.2113    1.0000    1.0000    1.0000    0.0000    0.0000    0.0000    0.0000    0.0000    0.0000    0.0000    0.0000    0.0000 
    5  1.7887  1.7887  1.7887    1.0000    1.0000    1.0000    0.0000    0.0000    0.0000    0.0000    0.0000    0.0000    0.0000    0.0000    0.0000 
    6  1.7887  1.2113  1.7887    1.0000    1.0000    1.0000    0.0000    0.0000    0.0000    0.0000    0.0000    0.0000    0.0000    0.0000    0.0000 
    7  1.7887  1.7887  1.2113    1.0000    1.0000    1.0000    0.0000    0.0000    0.0000    0.0000    0.0000    0.0000    0.0000    0.0000    0.0000 
    8  1.7887  1.2113  1.2113    1.0000    1.0000    1.0000    0.0000    0.0000    0.0000    0.0000    0.0000    0.0000    0.0000    0.0000    0.0000 
 
 Element; 26 
 int pt         Coords            B_11      B_22     B_33      B_12       B_13      B_23      s_11      s_22      s_33      s_12      s_13      s_23 
    1  1.2113  0.7887  1.7887    1.0000    1.0000    1.0000    0.0000    0.0000    0.0000    0.0000    0.0000    0.0000    0.0000    0.0000    0.0000 
    2  1.2113  0.2113  1.7887    1.0000    1.0000    1.0000    0.0000    0.0000    0.0000    0.0000    0.0000    0.0000    0.0000    0.0000    0.0000 
    3  1.2113  0.7887  1.2113    1.0000    1.0000    1.0000    0.0000    0.0000    0.0000    0.0000    0.0000    0.0000    0.0000    0.0000    0.0000 
    4  1.2113  0.2113  1.2113    1.0000    1.0000    1.0000    0.0000    0.0000    0.0000    0.0000    0.0000    0.0000    0.0000    0.0000    0.0000 
    5  1.7887  0.7887  1.7887    1.0000    1.0000    1.0000    0.0000    0.0000    0.0000    0.0000    0.0000    0.0000    0.0000    0.0000    0.0000 
    6  1.7887  0.2113  1.7887    1.0000    1.0000    1.0000    0.0000    0.0000    0.0000    0.0000    0.0000    0.0000    0.0000    0.0000    0.0000 
    7  1.7887  0.7887  1.2113    1.0000    1.0000    1.0000    0.0000    0.0000    0.0000    0.0000    0.0000    0.0000    0.0000    0.0000    0.0000 
    8  1.7887  0.2113  1.2113    1.0000    1.0000    1.0000    0.0000    0.0000    0.0000    0.0000    0.0000    0.0000    0.0000    0.0000    0.0000 
 
 Element; 27 
 int pt         Coords            B_11      B_22     B_33      B_12       B_13      B_23      s_11      s_22      s_33      s_12      s_13      s_23 
    1  1.2113  1.7887  0.7887    1.0000    1.0000    1.0000    0.0000    0.0000    0.0000    0.0000    0.0000    0.0000    0.0000    0.0000    0.0000 
    2  1.2113  1.2113  0.7887    1.0000    1.0000    1.0000    0.0000    0.0000    0.0000    0.0000    0.0000    0.0000    0.0000    0.0000    0.0000 
    3  1.2113  1.7887  0.2113    1.0000    1.0000    1.0000    0.0000    0.0000    0.0000    0.0000    0.0000    0.0000    0.0000    0.0000    0.0000 
    4  1.2113  1.2113  0.2113    1.0000    1.0000    1.0000    0.0000    0.0000    0.0000    0.0000    0.0000    0.0000    0.0000    0.0000    0.0000 
    5  1.7887  1.7887  0.7887    1.0000    1.0000    1.0000    0.0000    0.0000    0.0000    0.0000    0.0000    0.0000    0.0000    0.0000    0.0000 
    6  1.7887  1.2113  0.7887    1.0000    1.0000    1.0000    0.0000    0.0000    0.0000    0.0000    0.0000    0.0000    0.0000    0.0000    0.0000 
    7  1.7887  1.7887  0.2113    1.0000    1.0000    1.0000    0.0000    0.0000    0.0000    0.0000    0.0000    0.0000    0.0000    0.0000    0.0000 
    8  1.7887  1.2113  0.2113    1.0000    1.0000    1.0000    0.0000    0.0000    0.0000    0.0000    0.0000    0.0000    0.0000    0.0000    0.0000 
 
 Element; 28 
 int pt         Coords            B_11      B_22     B_33      B_12       B_13      B_23      s_11      s_22      s_33      s_12      s_13      s_23 
    1  1.2113  0.7887  0.7887    1.0000    1.0000    1.0000    0.0000    0.0000    0.0000    0.0000    0.0000    0.0000    0.0000    0.0000    0.0000 
    2  1.2113  0.2113  0.7887    1.0000    1.0000    1.0000    0.0000    0.0000    0.0000    0.0000    0.0000    0.0000    0.0000    0.0000    0.0000 
    3  1.2113  0.7887  0.2113    1.0000    1.0000    1.0000    0.0000    0.0000    0.0000    0.0000    0.0000    0.0000    0.0000    0.0000    0.0000 
    4  1.2113  0.2113  0.2113    1.0000    1.0000    1.0000    0.0000    0.0000    0.0000    0.0000    0.0000    0.0000    0.0000    0.0000    0.0000 
    5  1.7887  0.7887  0.7887    1.0000    1.0000    1.0000    0.0000    0.0000    0.0000    0.0000    0.0000    0.0000    0.0000    0.0000    0.0000 
    6  1.7887  0.2113  0.7887    1.0000    1.0000    1.0000    0.0000    0.0000    0.0000    0.0000    0.0000    0.0000    0.0000    0.0000    0.0000 
    7  1.7887  0.7887  0.2113    1.0000    1.0000    1.0000    0.0000    0.0000    0.0000    0.0000    0.0000    0.0000    0.0000    0.0000    0.0000 
    8  1.7887  0.2113  0.2113    1.0000    1.0000    1.0000    0.0000    0.0000    0.0000    0.0000    0.0000    0.0000    0.0000    0.0000    0.0000 
 
 Element; 29 
 int pt         Coords            B_11      B_22     B_33      B_12       B_13      B_23      s_11      s_22      s_33      s_12      s_13      s_23 
    1  0.2113  1.7887  1.7887    1.0000    1.0000    1.0000    0.0000    0.0000    0.0000    0.0000    0.0000    0.0000    0.0000    0.0000    0.0000 
    2  0.2113  1.2113  1.7887    1.0000    1.0000    1.0000    0.0000    0.0000    0.0000    0.0000    0.0000    0.0000    0.0000    0.0000    0.0000 
    3  0.2113  1.7887  1.2113    1.0000    1.0000    1.0000    0.0000    0.0000    0.0000    0.0000    0.0000    0.0000    0.0000    0.0000    0.0000 
    4  0.2113  1.2113  1.2113    1.0000    1.0000    1.0000    0.0000    0.0000    0.0000    0.0000    0.0000    0.0000    0.0000    0.0000    0.0000 
    5  0.7887  1.7887  1.7887    1.0000    1.0000    1.0000    0.0000    0.0000    0.0000    0.0000    0.0000    0.0000    0.0000    0.0000    0.0000 
    6  0.7887  1.2113  1.7887    1.0000    1.0000    1.0000    0.0000    0.0000    0.0000    0.0000    0.0000    0.0000    0.0000    0.0000    0.0000 
    7  0.7887  1.7887  1.2113    1.0000    1.0000    1.0000    0.0000    0.0000    0.0000    0.0000    0.0000    0.0000    0.0000    0.0000    0.0000 
    8  0.7887  1.2113  1.2113    1.0000    1.0000    1.0000    0.0000    0.0000    0.0000    0.0000    0.0000    0.0000    0.0000    0.0000    0.0000 
 
 Element; 30 
 int pt         Coords            B_11      B_22     B_33      B_12       B_13      B_23      s_11      s_22      s_33      s_12      s_13      s_23 
    1  0.2113  0.7887  1.7887    1.0000    1.0000    1.0000    0.0000    0.0000    0.0000    0.0000    0.0000    0.0000    0.0000    0.0000    0.0000 
    2  0.2113  0.2113  1.7887    1.0000    1.0000    1.0000    0.0000    0.0000    0.0000    0.0000    0.0000    0.0000    0.0000    0.0000    0.0000 
    3  0.2113  0.7887  1.2113    1.0000    1.0000    1.0000    0.0000    0.0000    0.0000    0.0000    0.0000    0.0000    0.0000    0.0000    0.0000 
    4  0.2113  0.2113  1.2113    1.0000    1.0000    1.0000    0.0000    0.0000    0.0000    0.0000    0.0000    0.0000    0.0000    0.0000    0.0000 
    5  0.7887  0.7887  1.7887    1.0000    1.0000    1.0000    0.0000    0.0000    0.0000    0.0000    0.0000    0.0000    0.0000    0.0000    0.0000 
    6  0.7887  0.2113  1.7887    1.0000    1.0000    1.0000    0.0000    0.0000    0.0000    0.0000    0.0000    0.0000    0.0000    0.0000    0.0000 
    7  0.7887  0.7887  1.2113    1.0000    1.0000    1.0000    0.0000    0.0000    0.0000    0.0000    0.0000    0.0000    0.0000    0.0000    0.0000 
    8  0.7887  0.2113  1.2113    1.0000    1.0000    1.0000    0.0000    0.0000    0.0000    0.0000    0.0000    0.0000    0.0000    0.0000    0.0000 
 
 Element; 31 
 int pt         Coords            B_11      B_22     B_33      B_12       B_13      B_23      s_11      s_22      s_33      s_12      s_13      s_23 
    1  0.2113  1.7887  0.7887    1.0000    1.0000    1.0000    0.0000    0.0000    0.0000    0.0000    0.0000    0.0000    0.0000    0.0000    0.0000 
    2  0.2113  1.2113  0.7887    1.0000    1.0000    1.0000    0.0000    0.0000    0.0000    0.0000    0.0000    0.0000    0.0000    0.0000    0.0000 
    3  0.2113  1.7887  0.2113    1.0000    1.0000    1.0000    0.0000    0.0000    0.0000    0.0000    0.0000    0.0000    0.0000    0.0000    0.0000 
    4  0.2113  1.2113  0.2113    1.0000    1.0000    1.0000    0.0000    0.0000    0.0000    0.0000    0.0000    0.0000    0.0000    0.0000    0.0000 
    5  0.7887  1.7887  0.7887    1.0000    1.0000    1.0000    0.0000    0.0000    0.0000    0.0000    0.0000    0.0000    0.0000    0.0000    0.0000 
    6  0.7887  1.2113  0.7887    1.0000    1.0000    1.0000    0.0000    0.0000    0.0000    0.0000    0.0000    0.0000    0.0000    0.0000    0.0000 
    7  0.7887  1.7887  0.2113    1.0000    1.0000    1.0000    0.0000    0.0000    0.0000    0.0000    0.0000    0.0000    0.0000    0.0000    0.0000 
    8  0.7887  1.2113  0.2113    1.0000    1.0000    1.0000    0.0000    0.0000    0.0000    0.0000    0.0000    0.0000    0.0000    0.0000    0.0000 
 
 Element; 32 
 int pt         Coords            B_11      B_22     B_33      B_12       B_13      B_23      s_11      s_22      s_33      s_12      s_13      s_23 
    1  0.2113  0.7887  0.7887    1.0000    1.0000    1.0000    0.0000    0.0000    0.0000    0.0000    0.0000    0.0000    0.0000    0.0000    0.0000 
    2  0.2113  0.2113  0.7887    1.0000    1.0000    1.0000    0.0000    0.0000    0.0000    0.0000    0.0000    0.0000    0.0000    0.0000    0.0000 
    3  0.2113  0.7887  0.2113    1.0000    1.0000    1.0000    0.0000    0.0000    0.0000    0.0000    0.0000    0.0000    0.0000    0.0000    0.0000 
    4  0.2113  0.2113  0.2113    1.0000    1.0000    1.0000    0.0000    0.0000    0.0000    0.0000    0.0000    0.0000    0.0000    0.0000    0.0000 
    5  0.7887  0.7887  0.7887    1.0000    1.0000    1.0000    0.0000    0.0000    0.0000    0.0000    0.0000    0.0000    0.0000    0.0000    0.0000 
    6  0.7887  0.2113  0.7887    1.0000    1.0000    1.0000    0.0000    0.0000    0.0000    0.0000    0.0000    0.0000    0.0000    0.0000    0.0000 
    7  0.7887  0.7887  0.2113    1.0000    1.0000    1.0000    0.0000    0.0000    0.0000    0.0000    0.0000    0.0000    0.0000    0.0000    0.0000 
    8  0.7887  0.2113  0.2113    1.0000    1.0000    1.0000    0.0000    0.0000    0.0000    0.0000    0.0000    0.0000    0.0000    0.0000    0.0000 
==================================================
Step 10.000000 Load 1.000000
 Node coordinates: 
 Node            Coords 
  1   3.4104   7.7553   1.9862 
  2   4.3641   7.5069   1.9848 
  3   5.3166   7.2582   1.9834 
  4   3.4081   7.7536   1.0000 
  5   4.3624   7.5072   1.0000 
  6   5.3154   7.2606   1.0000 
  7   3.4104   7.7553   0.0138 
  8   4.3641   7.5069   0.0152 
  9   5.3166   7.2582   0.0166 
 10   3.1701   6.7635   1.9930 
 11   4.1261   6.4997   1.9848 
 12   5.0683   6.2389   1.9769 
 13   3.1655   6.7624   1.0000 
 14   4.1222   6.5005   1.0000 
 15   5.0650   6.2418   1.0000 
 16   3.1701   6.7635   0.0070 
 17   4.1261   6.4997   0.0152 
 18   5.0683   6.2389   0.0231 
 19   2.9135   5.8026   2.0018 
 20   3.8640   5.4981   1.9851 
 21   4.7877   5.2003   1.9692 
 22   2.9041   5.8016   1.0000 
 23   3.8558   5.5001   1.0000 
 24   4.7806   5.2052   1.0000 
 25   2.9135   5.8026  -0.0018 
 26   3.8640   5.4981   0.0149 
 27   4.7877   5.2003   0.0308 
 28   2.6161   4.8881   2.0155 
 29   3.5521   4.5088   1.9855 
 30   4.4374   4.1460   1.9576 
 31   2.6009   4.8901   1.0000 
 32   3.5385   4.5129   1.0000 
 33   4.4248   4.1526   1.0000 
 34   2.6161   4.8881  -0.0155 
 35   3.5521   4.5088   0.0145 
 36   4.4374   4.1460   0.0424 
 37   2.2624   4.0303   2.0254 
 38   3.1514   3.5491   1.9873 
 39   3.9850   3.0896   1.9515 
 40   2.2403   4.0329   1.0000 
 41   3.1331   3.5572   1.0000 
 42   3.9705   3.1020   1.0000 
 43   2.2624   4.0303  -0.0254 
 44   3.1514   3.5491   0.0127 
 45   3.9850   3.0896   0.0485 
 46   1.8217   3.2775   2.0571 
 47   2.6405   2.6332   1.9867 
 48   3.3531   2.0583   1.9272 
 49   1.7905   3.2915   1.0000 
 50   2.6129   2.6476   1.0000 
 51   3.3271   2.0747   1.0000 
 52   1.8217   3.2775  -0.0571 
 53   2.6405   2.6332   0.0133 
 54   3.3531   2.0583   0.0728 
 55   1.3056   2.6190   2.0624 
 56   1.9518   1.8428   2.0019 
 57   2.5163   1.0993   1.9397 
 58   1.2646   2.6335   1.0000 
 59   1.9218   1.8681   1.0000 
 60   2.5001   1.1356   1.0000 
 61   1.3056   2.6190  -0.0624 
 62   1.9518   1.8428  -0.0019 
 63   2.5163   1.0993   0.0603 
 64   0.6939   2.2252   2.1441 
 65   1.0535   1.1679   2.0008 
 66   1.3250   0.4042   1.8543 
 67   0.6882   2.2742   1.0000 
 68   1.0350   1.2286   1.0000 
 69   1.2933   0.4683   1.0000 
 70   0.6939   2.2252  -0.1441 
 71   1.0535   1.1679  -0.0008 
 72   1.3250   0.4042   0.1457 
 73   0.0000   2.0000   2.0000 
 74   0.0000   1.0000   2.0000 
 75   0.0000   0.0000   2.0000 
 76   0.0000   2.0000   1.0000 
 77   0.0000   1.0000   1.0000 
 78   0.0000   0.0000   1.0000 
 79   0.0000   2.0000   0.0000 
 80   0.0000   1.0000   0.0000 
 81   0.0000   0.0000   0.0000 


 Left Cauchy-Green deformation tensor and Cauchy stresses 
 
 Element; 1 
 int pt         Coords            B_11      B_22     B_33      B_12       B_13      B_23      s_11      s_22      s_33      s_12      s_13      s_23 
    1  7.2113  1.7887  1.7887    0.9711    1.0575    0.9804   -0.0096   -0.0022   -0.0020    0.0017    0.0876    0.0110   -0.0095   -0.0021   -0.0020 
    2  7.2113  1.2113  1.7887    0.9705    1.0753    0.9727   -0.0088   -0.0018   -0.0001    0.0391    0.1426    0.0413   -0.0087   -0.0018   -0.0001 
    3  7.2113  1.7887  1.2113    0.9725    1.0563    0.9804   -0.0073    0.0023    0.0001    0.0049    0.0882    0.0127   -0.0072    0.0023    0.0001 
    4  7.2113  1.2113  1.2113    0.9718    1.0741    0.9727   -0.0066    0.0021   -0.0002    0.0423    0.1433    0.0431   -0.0065    0.0021   -0.0002 
    5  7.7887  1.7887  1.7887    0.9685    1.0529    0.9742   -0.0007   -0.0006   -0.0025   -0.0628    0.0220   -0.0571   -0.0007   -0.0006   -0.0025 
    6  7.7887  1.2113  1.7887    0.9679    1.0707    0.9710    0.0001   -0.0001   -0.0006   -0.0040    0.0983   -0.0010    0.0001   -0.0001   -0.0006 
    7  7.7887  1.7887  1.2113    0.9698    1.0518    0.9742    0.0016    0.0018    0.0002   -0.0606    0.0218   -0.0561    0.0016    0.0018    0.0002 
    8  7.7887  1.2113  1.2113    0.9691    1.0696    0.9710    0.0023    0.0016   -0.0002   -0.0018    0.0982    0.0000    0.0023    0.0016   -0.0002 
 
 Element; 2 
 int pt         Coords            B_11      B_22     B_33      B_12       B_13      B_23      s_11      s_22      s_33      s_12      s_13      s_23 
    1  7.2113  0.7887  1.7887    0.9500    1.0858    0.9672   -0.0006   -0.0013    0.0012   -0.0632    0.0729   -0.0460   -0.0006   -0.0013    0.0013 
    2  7.2113  0.2113  1.7887    0.9529    1.1000    0.9598    0.0071   -0.0009    0.0031   -0.0215    0.1249   -0.0146    0.0071   -0.0009    0.0031 
    3  7.2113  0.7887  1.2113    0.9512    1.0846    0.9671    0.0016    0.0020   -0.0005   -0.0611    0.0726   -0.0451    0.0016    0.0020   -0.0005 
    4  7.2113  0.2113  1.2113    0.9541    1.0988    0.9597    0.0094    0.0019   -0.0008   -0.0197    0.1243   -0.0141    0.0093    0.0019   -0.0008 
    5  7.7887  0.7887  1.7887    0.9612    1.0822    0.9686    0.0046    0.0002    0.0007   -0.0048    0.1155    0.0026    0.0045    0.0002    0.0007 
    6  7.7887  0.2113  1.7887    0.9641    1.0964    0.9655    0.0123    0.0006    0.0026    0.0577    0.1878    0.0591    0.0121    0.0006    0.0026 
    7  7.7887  0.7887  1.2113    0.9624    1.0811    0.9686    0.0068    0.0016   -0.0004   -0.0026    0.1153    0.0036    0.0067    0.0015   -0.0004 
    8  7.7887  0.2113  1.2113    0.9653    1.0953    0.9655    0.0145    0.0014   -0.0008    0.0596    0.1873    0.0597    0.0142    0.0014   -0.0007 
 
 Element; 3 
 int pt         Coords            B_11      B_22     B_33      B_12       B_13      B_23      s_11      s_22      s_33      s_12      s_13      s_23 
    1  7.2113  1.7887  0.7887    0.9725    1.0563    0.9804   -0.0073   -0.0023   -0.0001    0.0049    0.0882    0.0127   -0.0072   -0.0023   -0.0001 
    2  7.2113  1.2113  0.7887    0.9718    1.0741    0.9727   -0.0066   -0.0021    0.0002    0.0423    0.1433    0.0431   -0.0065   -0.0021    0.0002 
    3  7.2113  1.7887  0.2113    0.9711    1.0575    0.9804   -0.0096    0.0022    0.0020    0.0017    0.0876    0.0110   -0.0095    0.0021    0.0020 
    4  7.2113  1.2113  0.2113    0.9705    1.0753    0.9727   -0.0088    0.0018    0.0001    0.0391    0.1426    0.0413   -0.0087    0.0018    0.0001 
    5  7.7887  1.7887  0.7887    0.9698    1.0518    0.9742    0.0016   -0.0018   -0.0002   -0.0606    0.0218   -0.0561    0.0016   -0.0018   -0.0002 
    6  7.7887  1.2113  0.7887    0.9691    1.0696    0.9710    0.0023   -0.0016    0.0002   -0.0018    0.0982    0.0000    0.0023   -0.0016    0.0002 
    7  7.7887  1.7887  0.2113    0.9685    1.0529    0.9742   -0.0007    0.0006    0.0025   -0.0628    0.0220   -0.0571   -0.0007    0.0006    0.0025 
    8  7.7887  1.2113  0.2113    0.9679    1.0707    0.9710    0.0001    0.0001    0.0006   -0.0040    0.0983   -0.0010    0.0001    0.0001    0.0006 
 
 Element; 4 
 int pt         Coords            B_11      B_22     B_33      B_12       B_13      B_23      s_11      s_22      s_33      s_12      s_13      s_23 
    1  7.2113  0.7887  0.7887    0.9512    1.0846    0.9671    0.0016   -0.0020    0.0005   -0.0611    0.0726   -0.0451    0.0016   -0.0020    0.0005 
    2  7.2113  0.2113  0.7887    0.9541    1.0988    0.9597    0.0094   -0.0019    0.0008   -0.0197    0.1243   -0.0141    0.0093   -0.0019    0.0008 
    3  7.2113  0.7887  0.2113    0.9500    1.0858    0.9672   -0.0006    0.0013   -0.0012   -0.0632    0.0729   -0.0460   -0.0006    0.0013   -0.0013 
    4  7.2113  0.2113  0.2113    0.9529    1.1000    0.9598    0.0071    0.0009   -0.0031   -0.0215    0.1249   -0.0146    0.0071    0.0009   -0.0031 
    5  7.7887  0.7887  0.7887    0.9624    1.0811    0.9686    0.0068   -0.0016    0.0004   -0.0026    0.1153    0.0036    0.0067   -0.0015    0.0004 
    6  7.7887  0.2113  0.7887    0.9653    1.0953    0.9655    0.0145   -0.0014    0.0008    0.0596    0.1873    0.0597    0.0142   -0.0014    0.0007 
    7  7.7887  0.7887  0.2113    0.9612    1.0822    0.9686    0.0046   -0.0002   -0.0007   -0.0048    0.1155    0.0026    0.0045   -0.0002   -0.0007 
    8  7.7887  0.2113  0.2113    0.9641    1.0964    0.9655    0.0123   -0.0006   -0.0026    0.0577    0.1878    0.0591    0.0121   -0.0006   -0.0026 
 
 Element; 5 
 int pt         Coords            B_11      B_22     B_33      B_12       B_13      B_23      s_11      s_22      s_33      s_12      s_13      s_23 
    1  6.2113  1.7887  1.7887    0.9733    1.0271    0.9937   -0.0302   -0.0045   -0.0014   -0.0628   -0.0086   -0.0422   -0.0304   -0.0045   -0.0014 
    2  6.2113  1.2113  1.7887    0.9749    1.0729    0.9767   -0.0211   -0.0041    0.0006    0.0722    0.1686    0.0740   -0.0207   -0.0041    0.0006 
    3  6.2113  1.7887  1.2113    0.9758    1.0257    0.9936   -0.0263    0.0047   -0.0001   -0.0540   -0.0039   -0.0362   -0.0265    0.0048   -0.0001 
    4  6.2113  1.2113  1.2113    0.9774    1.0708    0.9766   -0.0174    0.0043   -0.0007    0.0776    0.1693    0.0768   -0.0171    0.0042   -0.0007 
    5  6.7887  1.7887  1.7887    0.9791    1.0139    0.9856   -0.0088   -0.0035   -0.0025   -0.1229   -0.0875   -0.1162   -0.0090   -0.0036   -0.0026 
    6  6.7887  1.2113  1.7887    0.9807    1.0597    0.9742    0.0003   -0.0030   -0.0001    0.0381    0.1162    0.0316    0.0003   -0.0030   -0.0001 
    7  6.7887  1.7887  1.2113    0.9814    1.0127    0.9856   -0.0052    0.0030   -0.0002   -0.1149   -0.0831   -0.1107   -0.0053    0.0031   -0.0002 
    8  6.7887  1.2113  1.2113    0.9830    1.0578    0.9742    0.0037    0.0028   -0.0005    0.0426    0.1166    0.0339    0.0037    0.0028   -0.0005 
 
 Element; 6 
 int pt         Coords            B_11      B_22     B_33      B_12       B_13      B_23      s_11      s_22      s_33      s_12      s_13      s_23 
    1  6.2113  0.7887  1.7887    0.9320    1.1022    0.9646    0.0008   -0.0032    0.0020   -0.1140    0.0575   -0.0811    0.0008   -0.0032    0.0021 
    2  6.2113  0.2113  1.7887    0.9378    1.1456    0.9485    0.0174   -0.0028    0.0044    0.0214    0.2260    0.0319    0.0172   -0.0028    0.0043 
    3  6.2113  0.7887  1.2113    0.9344    1.0996    0.9645    0.0043    0.0042   -0.0011   -0.1109    0.0556   -0.0806    0.0043    0.0043   -0.0012 
    4  6.2113  0.2113  1.2113    0.9401    1.1425    0.9484    0.0207    0.0039   -0.0016    0.0214    0.2207    0.0295    0.0204    0.0038   -0.0016 
    5  6.7887  0.7887  1.7887    0.9519    1.0903    0.9661    0.0177   -0.0022    0.0016   -0.0391    0.0990   -0.0250    0.0177   -0.0022    0.0016 
    6  6.7887  0.2113  1.7887    0.9577    1.1337    0.9552    0.0343   -0.0016    0.0042    0.1222    0.2932    0.1199    0.0333   -0.0016    0.0041 
    7  6.7887  0.7887  1.2113    0.9539    1.0880    0.9660    0.0210    0.0028   -0.0007   -0.0380    0.0959   -0.0259    0.0210    0.0028   -0.0007 
    8  6.7887  0.2113  1.2113    0.9596    1.1308    0.9552    0.0374    0.0026   -0.0009    0.1204    0.2867    0.1160    0.0364    0.0026   -0.0009 
 
 Element; 7 
 int pt         Coords            B_11      B_22     B_33      B_12       B_13      B_23      s_11      s_22      s_33      s_12      s_13      s_23 
    1  6.2113  1.7887  0.7887    0.9758    1.0257    0.9936   -0.0263   -0.0047    0.0001   -0.0540   -0.0039   -0.0362   -0.0265   -0.0048    0.0001 
    2  6.2113  1.2113  0.7887    0.9774    1.0708    0.9766   -0.0174   -0.0043    0.0007    0.0776    0.1693    0.0768   -0.0171   -0.0042    0.0007 
    3  6.2113  1.7887  0.2113    0.9733    1.0271    0.9937   -0.0302    0.0045    0.0014   -0.0628   -0.0086   -0.0422   -0.0304    0.0045    0.0014 
    4  6.2113  1.2113  0.2113    0.9749    1.0729    0.9767   -0.0211    0.0041   -0.0006    0.0722    0.1686    0.0740   -0.0207    0.0041   -0.0006 
    5  6.7887  1.7887  0.7887    0.9814    1.0127    0.9856   -0.0052   -0.0030    0.0002   -0.1149   -0.0831   -0.1107   -0.0053   -0.0031    0.0002 
    6  6.7887  1.2113  0.7887    0.9830    1.0578    0.9742    0.0037   -0.0028    0.0005    0.0426    0.1166    0.0339    0.0037   -0.0028    0.0005 
    7  6.7887  1.7887  0.2113    0.9791    1.0139    0.9856   -0.0088    0.0035    0.0025   -0.1229   -0.0875   -0.1162   -0.0090    0.0036    0.0026 
    8  6.7887  1.2113  0.2113    0.9807    1.0597    0.9742    0.0003    0.0030    0.0001    0.0381    0.1162    0.0316    0.0003    0.0030    0.0001 
 
 Element; 8 
 int pt         Coords            B_11      B_22     B_33      B_12       B_13      B_23      s_11      s_22      s_33      s_12      s_13      s_23 
    1  6.2113  0.7887  0.7887    0.9344    1.0996    0.9645    0.0043   -0.0042    0.0011   -0.1109    0.0556   -0.0806    0.0043   -0.0043    0.0012 
    2  6.2113  0.2113  0.7887    0.9401    1.1425    0.9484    0.0207   -0.0039    0.0016    0.0214    0.2207    0.0295    0.0204   -0.0038    0.0016 
    3  6.2113  0.7887  0.2113    0.9320    1.1022    0.9646    0.0008    0.0032   -0.0020   -0.1140    0.0575   -0.0811    0.0008    0.0032   -0.0021 
    4  6.2113  0.2113  0.2113    0.9378    1.1456    0.9485    0.0174    0.0028   -0.0044    0.0214    0.2260    0.0319    0.0172    0.0028   -0.0043 
    5  6.7887  0.7887  0.7887    0.9539    1.0880    0.9660    0.0210   -0.0028    0.0007   -0.0380    0.0959   -0.0259    0.0210   -0.0028    0.0007 
    6  6.7887  0.2113  0.7887    0.9596    1.1308    0.9552    0.0374   -0.0026    0.0009    0.1204    0.2867    0.1160    0.0364   -0.0026    0.0009 
    7  6.7887  0.7887  0.2113    0.9519    1.0903    0.9661    0.0177    0.0022   -0.0016   -0.0391    0.0990   -0.0250    0.0177    0.0022   -0.0016 
    8  6.7887  0.2113  0.2113    0.9577    1.1337    0.9552    0.0343    0.0016   -0.0042    0.1222    0.2932    0.1199    0.0333    0.0016   -0.0041 
 
 Element; 9 
 int pt         Coords            B_11      B_22     B_33      B_12       B_13      B_23      s_11      s_22      s_33      s_12      s_13      s_23 
    1  5.2113  1.7887  1.7887    0.9738    0.9960    1.0143   -0.0606   -0.0090   -0.0021   -0.1220   -0.0993   -0.0808   -0.0616   -0.0091   -0.0021 
    2  5.2113  1.2113  1.7887    0.9788    1.0785    0.9829   -0.0395   -0.0082    0.0022    0.1452    0.2420    0.1492   -0.0383   -0.0080    0.0021 
    3  5.2113  1.7887  1.2113    0.9774    0.9921    1.0138   -0.0571    0.0076   -0.0019   -0.1195   -0.1045   -0.0824   -0.0581    0.0078   -0.0019 
    4  5.2113  1.2113  1.2113    0.9824    1.0751    0.9825   -0.0358    0.0071   -0.0017    0.1502    0.2401    0.1502   -0.0348    0.0068   -0.0017 
    5  5.7887  1.7887  1.7887    0.9894    0.9664    1.0014   -0.0225   -0.0068   -0.0033   -0.2136   -0.2374   -0.2011   -0.0234   -0.0071   -0.0035 
    6  5.7887  1.2113  1.7887    0.9945    1.0489    0.9790   -0.0014   -0.0058    0.0006    0.0928    0.1463    0.0776   -0.0013   -0.0057    0.0006 
    7  5.7887  1.7887  1.2113    0.9928    0.9624    1.0011   -0.0186    0.0057   -0.0011   -0.2140   -0.2455   -0.2053   -0.0193    0.0059   -0.0011 
    8  5.7887  1.2113  1.2113    0.9978    1.0454    0.9788    0.0026    0.0054   -0.0012    0.0948    0.1415    0.0761    0.0026    0.0053   -0.0012 
 
 Element; 10 
 int pt         Coords            B_11      B_22     B_33      B_12       B_13      B_23      s_11      s_22      s_33      s_12      s_13      s_23 
    1  5.2113  0.7887  1.7887    0.9018    1.1267    0.9610    0.0105   -0.0054    0.0046   -0.2160    0.0135   -0.1556    0.0107   -0.0055    0.0047 
    2  5.2113  0.2113  1.7887    0.9165    1.2035    0.9325    0.0456   -0.0042    0.0089    0.0326    0.3134    0.0482    0.0446   -0.0041    0.0087 
    3  5.2113  0.7887  1.2113    0.9049    1.1234    0.9606    0.0144    0.0073   -0.0018   -0.2128    0.0101   -0.1560    0.0147    0.0075   -0.0018 
    4  5.2113  0.2113  1.2113    0.9198    1.2002    0.9320    0.0497    0.0071   -0.0017    0.0365    0.3109    0.0485    0.0486    0.0069   -0.0016 
    5  5.7887  0.7887  1.7887    0.9418    1.1019    0.9632    0.0372   -0.0039    0.0032   -0.0692    0.0912   -0.0477    0.0373   -0.0039    0.0032 
    6  5.7887  0.2113  1.7887    0.9565    1.1787    0.9424    0.0723   -0.0027    0.0074    0.2174    0.4294    0.2039    0.0690   -0.0026    0.0071 
    7  5.7887  0.7887  1.2113    0.9450    1.0987    0.9630    0.0413    0.0055   -0.0013   -0.0664    0.0875   -0.0484    0.0413    0.0055   -0.0013 
    8  5.7887  0.2113  1.2113    0.9599    1.1755    0.9422    0.0765    0.0053   -0.0013    0.2209    0.4266    0.2039    0.0730    0.0050   -0.0013 
 
 Element; 11 
 int pt         Coords            B_11      B_22     B_33      B_12       B_13      B_23      s_11      s_22      s_33      s_12      s_13      s_23 
    1  5.2113  1.7887  0.7887    0.9774    0.9921    1.0138   -0.0571   -0.0076    0.0019   -0.1195   -0.1045   -0.0824   -0.0581   -0.0078    0.0019 
    2  5.2113  1.2113  0.7887    0.9824    1.0751    0.9825   -0.0358   -0.0071    0.0017    0.1502    0.2401    0.1502   -0.0348   -0.0068    0.0017 
    3  5.2113  1.7887  0.2113    0.9738    0.9960    1.0143   -0.0606    0.0090    0.0021   -0.1220   -0.0993   -0.0808   -0.0616    0.0091    0.0021 
    4  5.2113  1.2113  0.2113    0.9788    1.0785    0.9829   -0.0395    0.0082   -0.0022    0.1452    0.2420    0.1492   -0.0383    0.0080   -0.0021 
    5  5.7887  1.7887  0.7887    0.9928    0.9624    1.0011   -0.0186   -0.0057    0.0011   -0.2140   -0.2455   -0.2053   -0.0193   -0.0059    0.0011 
    6  5.7887  1.2113  0.7887    0.9978    1.0454    0.9788    0.0026   -0.0054    0.0012    0.0948    0.1415    0.0761    0.0026   -0.0053    0.0012 
    7  5.7887  1.7887  0.2113    0.9894    0.9664    1.0014   -0.0225    0.0068    0.0033   -0.2136   -0.2374   -0.2011   -0.0234    0.0071    0.0035 
    8  5.7887  1.2113  0.2113    0.9945    1.0489    0.9790   -0.0014    0.0058   -0.0006    0.0928    0.1463    0.0776   -0.0013    0.0057   -0.0006 
 
 Element; 12 
 int pt         Coords            B_11      B_22     B_33      B_12       B_13      B_23      s_11      s_22      s_33      s_12      s_13      s_23 
    1  5.2113  0.7887  0.7887    0.9049    1.1234    0.9606    0.0144   -0.0073    0.0018   -0.2128    0.0101   -0.1560    0.0147   -0.0075    0.0018 
    2  5.2113  0.2113  0.7887    0.9198    1.2002    0.9320    0.0497   -0.0071    0.0017    0.0365    0.3109    0.0485    0.0486   -0.0069    0.0016 
    3  5.2113  0.7887  0.2113    0.9018    1.1267    0.9610    0.0105    0.0054   -0.0046   -0.2160    0.0135   -0.1556    0.0107    0.0055   -0.0047 
    4  5.2113  0.2113  0.2113    0.9165    1.2035    0.9325    0.0456    0.0042   -0.0089    0.0326    0.3134    0.0482    0.0446    0.0041   -0.0087 
    5  5.7887  0.7887  0.7887    0.9450    1.0987    0.9630    0.0413   -0.0055    0.0013   -0.0664    0.0875   -0.0484    0.0413   -0.0055    0.0013 
    6  5.7887  0.2113  0.7887    0.9599    1.1755    0.9422    0.0765   -0.0053    0.0013    0.2209    0.4266    0.2039    0.0730   -0.0050    0.0013 
    7  5.7887  0.7887  0.2113    0.9418    1.1019    0.9632    0.0372    0.0039   -0.0032   -0.0692    0.0912   -0.0477    0.0373    0.0039   -0.0032 
    8  5.7887  0.2113  0.2113    0.9565    1.1787    0.9424    0.0723    0.0027   -0.0074    0.2174    0.4294    0.2039    0.0690    0.0026   -0.0071 
 
 Element; 13 
 int pt         Coords            B_11      B_22     B_33      B_12       B_13      B_23      s_11      s_22      s_33      s_12      s_13      s_23 
    1  4.2113  1.7887  1.7887    0.9430    0.9832    1.0324   -0.0918   -0.0080    0.0039   -0.3065   -0.2645   -0.2131   -0.0960   -0.0083    0.0041 
    2  4.2113  1.2113  1.7887    0.9633    1.0893    0.9901   -0.0454   -0.0090    0.0044    0.1327    0.2549    0.1587   -0.0440   -0.0087    0.0043 
    3  4.2113  1.7887  1.2113    0.9492    0.9793    1.0315   -0.0873    0.0127   -0.0016   -0.2879   -0.2564   -0.2020   -0.0910    0.0132   -0.0016 
    4  4.2113  1.2113  1.2113    0.9691    1.0833    0.9893   -0.0417    0.0107   -0.0034    0.1382    0.2490    0.1578   -0.0405    0.0104   -0.0033 
    5  4.7887  1.7887  1.7887    0.9920    0.9331    1.0226   -0.0501   -0.0091    0.0016   -0.2749   -0.3368   -0.2428   -0.0525   -0.0096    0.0017 
    6  4.7887  1.2113  1.7887    1.0123    1.0391    0.9859   -0.0036   -0.0093    0.0031    0.1830    0.2090    0.1574   -0.0035   -0.0090    0.0030 
    7  4.7887  1.7887  1.2113    0.9969    0.9304    1.0219   -0.0461    0.0095   -0.0016   -0.2613   -0.3310   -0.2351   -0.0483    0.0100   -0.0017 
    8  4.7887  1.2113  1.2113    1.0168    1.0343    0.9853   -0.0005    0.0084   -0.0023    0.1838    0.2008    0.1532   -0.0005    0.0082   -0.0022 
 
 Element; 14 
 int pt         Coords            B_11      B_22     B_33      B_12       B_13      B_23      s_11      s_22      s_33      s_12      s_13      s_23 
    1  4.2113  0.7887  1.7887    0.8847    1.1510    0.9605    0.0334   -0.0065    0.0038   -0.2320    0.0395   -0.1547    0.0341   -0.0066    0.0039 
    2  4.2113  0.2113  1.7887    0.9099    1.2630    0.9223    0.0869   -0.0070    0.0055    0.1443    0.4826    0.1562    0.0832   -0.0067    0.0052 
    3  4.2113  0.7887  1.2113    0.8899    1.1440    0.9599    0.0359    0.0102   -0.0048   -0.2319    0.0275   -0.1605    0.0366    0.0104   -0.0049 
    4  4.2113  0.2113  1.2113    0.9144    1.2545    0.9216    0.0881    0.0085   -0.0058    0.1353    0.4619    0.1423    0.0846    0.0082   -0.0056 
    5  4.7887  0.7887  1.7887    0.9354    1.1053    0.9603    0.0692   -0.0065    0.0034   -0.1248    0.0467   -0.0997    0.0699   -0.0066    0.0035 
    6  4.7887  0.2113  1.7887    0.9606    1.2173    0.9271    0.1226   -0.0060    0.0056    0.2741    0.5167    0.2424    0.1159   -0.0057    0.0053 
    7  4.7887  0.7887  1.2113    0.9390    1.0991    0.9598    0.0716    0.0085   -0.0031   -0.1336    0.0284   -0.1126    0.0725    0.0086   -0.0031 
    8  4.7887  0.2113  1.2113    0.9635    1.2096    0.9266    0.1239    0.0078   -0.0036    0.2564    0.4898    0.2213    0.1175    0.0074   -0.0034 
 
 Element; 15 
 int pt         Coords            B_11      B_22     B_33      B_12       B_13      B_23      s_11      s_22      s_33      s_12      s_13      s_23 
    1  4.2113  1.7887  0.7887    0.9492    0.9793    1.0315   -0.0873   -0.0127    0.0016   -0.2879   -0.2564   -0.2020   -0.0910   -0.0132    0.0016 
    2  4.2113  1.2113  0.7887    0.9691    1.0833    0.9893   -0.0417   -0.0107    0.0034    0.1382    0.2490    0.1578   -0.0405   -0.0104    0.0033 
    3  4.2113  1.7887  0.2113    0.9430    0.9832    1.0324   -0.0918    0.0080   -0.0039   -0.3065   -0.2645   -0.2131   -0.0960    0.0083   -0.0041 
    4  4.2113  1.2113  0.2113    0.9633    1.0893    0.9901   -0.0454    0.0090   -0.0044    0.1327    0.2549    0.1587   -0.0440    0.0087   -0.0043 
    5  4.7887  1.7887  0.7887    0.9969    0.9304    1.0219   -0.0461   -0.0095    0.0016   -0.2613   -0.3310   -0.2351   -0.0483   -0.0100    0.0017 
    6  4.7887  1.2113  0.7887    1.0168    1.0343    0.9853   -0.0005   -0.0084    0.0023    0.1838    0.2008    0.1532   -0.0005   -0.0082    0.0022 
    7  4.7887  1.7887  0.2113    0.9920    0.9331    1.0226   -0.0501    0.0091   -0.0016   -0.2749   -0.3368   -0.2428   -0.0525    0.0096   -0.0017 
    8  4.7887  1.2113  0.2113    1.0123    1.0391    0.9859   -0.0036    0.0093   -0.0031    0.1830    0.2090    0.1574   -0.0035    0.0090   -0.0030 
 
 Element; 16 
 int pt         Coords            B_11      B_22     B_33      B_12       B_13      B_23      s_11      s_22      s_33      s_12      s_13      s_23 
    1  4.2113  0.7887  0.7887    0.8899    1.1440    0.9599    0.0359   -0.0102    0.0048   -0.2319    0.0275   -0.1605    0.0366   -0.0104    0.0049 
    2  4.2113  0.2113  0.7887    0.9144    1.2545    0.9216    0.0881   -0.0085    0.0058    0.1353    0.4619    0.1423    0.0846   -0.0082    0.0056 
    3  4.2113  0.7887  0.2113    0.8847    1.1510    0.9605    0.0334    0.0065   -0.0038   -0.2320    0.0395   -0.1547    0.0341    0.0066   -0.0039 
    4  4.2113  0.2113  0.2113    0.9099    1.2630    0.9223    0.0869    0.0070   -0.0055    0.1443    0.4826    0.1562    0.0832    0.0067   -0.0052 
    5  4.7887  0.7887  0.7887    0.9390    1.0991    0.9598    0.0716   -0.0085    0.0031   -0.1336    0.0284   -0.1126    0.0725   -0.0086    0.0031 
    6  4.7887  0.2113  0.7887    0.9635    1.2096    0.9266    0.1239   -0.0078    0.0036    0.2564    0.4898    0.2213    0.1175   -0.0074    0.0034 
    7  4.7887  0.7887  0.2113    0.9354    1.1053    0.9603    0.0692    0.0065   -0.0034   -0.1248    0.0467   -0.0997    0.0699    0.0066   -0.0035 
    8  4.7887  0.2113  0.2113    0.9606    1.2173    0.9271    0.1226    0.0060   -0.0056    0.2741    0.5167    0.2424    0.1159    0.0057   -0.0053 
 
 Element; 17 
 int pt         Coords            B_11      B_22     B_33      B_12       B_13      B_23      s_11      s_22      s_33      s_12      s_13      s_23 
    1  3.2113  1.7887  1.7887    0.9064    0.9879    1.0783   -0.1497   -0.0213    0.0028   -0.3890   -0.3031   -0.2081   -0.1575   -0.0224    0.0029 
    2  3.2113  1.2113  1.7887    0.9450    1.1458    1.0031   -0.0707   -0.0179    0.0135    0.3140    0.5022    0.3684   -0.0663   -0.0168    0.0127 
    3  3.2113  1.7887  1.2113    0.9148    0.9777    1.0756   -0.1490    0.0159   -0.0083   -0.3949   -0.3286   -0.2253   -0.1572    0.0167   -0.0088 
    4  3.2113  1.2113  1.2113    0.9539    1.1373    1.0007   -0.0688    0.0145   -0.0057    0.3232    0.4952    0.3671   -0.0645    0.0136   -0.0053 
    5  3.7887  1.7887  1.7887    0.9754    0.8813    1.0474   -0.0913   -0.0163   -0.0033   -0.5505   -0.6542   -0.4714   -0.1005   -0.0179   -0.0036 
    6  3.7887  1.2113  1.7887    1.0141    1.0391    0.9946   -0.0123   -0.0125    0.0055    0.2342    0.2583    0.2155   -0.0119   -0.0120    0.0053 
    7  3.7887  1.7887  1.2113    0.9840    0.8694    1.0459   -0.0889    0.0130   -0.0053   -0.5660   -0.6927   -0.4976   -0.0983    0.0143   -0.0059 
    8  3.7887  1.2113  1.2113    1.0232    1.0291    0.9934   -0.0087    0.0120   -0.0047    0.2338    0.2395    0.2051   -0.0084    0.0116   -0.0046 
 
 Element; 18 
 int pt         Coords            B_11      B_22     B_33      B_12       B_13      B_23      s_11      s_22      s_33      s_12      s_13      s_23 
    1  3.2113  0.7887  1.7887    0.8362    1.1845    0.9531    0.0992   -0.0048    0.0146   -0.4978   -0.1292   -0.3741    0.1049   -0.0051    0.0154 
    2  3.2113  0.2113  1.7887    0.9166    1.3147    0.8929    0.2057    0.0001    0.0248    0.0651    0.4512    0.0422    0.1995    0.0001    0.0240 
    3  3.2113  0.7887  1.2113    0.8440    1.1766    0.9513    0.1030    0.0167   -0.0058   -0.4897   -0.1377   -0.3761    0.1090    0.0176   -0.0061 
    4  3.2113  0.2113  1.2113    0.9261    1.3079    0.8909    0.2109    0.0166   -0.0038    0.0816    0.4514    0.0476    0.2043    0.0161   -0.0037 
    5  3.7887  0.7887  1.7887    0.9444    1.1153    0.9586    0.1149   -0.0045    0.0097   -0.0774    0.0939   -0.0632    0.1152   -0.0045    0.0097 
    6  3.7887  0.2113  1.7887    1.0248    1.2455    0.9132    0.2214    0.0001    0.0190    0.5522    0.7530    0.4508    0.2014    0.0001    0.0173 
    7  3.7887  0.7887  1.2113    0.9536    1.1068    0.9576    0.1192    0.0128   -0.0047   -0.0681    0.0855   -0.0641    0.1195    0.0129   -0.0047 
    8  3.7887  0.2113  1.2113    1.0357    1.2382    0.9121    0.2271    0.0124   -0.0037    0.5699    0.7538    0.4576    0.2063    0.0112   -0.0033 
 
 Element; 19 
 int pt         Coords            B_11      B_22     B_33      B_12       B_13      B_23      s_11      s_22      s_33      s_12      s_13      s_23 
    1  3.2113  1.7887  0.7887    0.9148    0.9777    1.0756   -0.1490   -0.0159    0.0083   -0.3949   -0.3286   -0.2253   -0.1572   -0.0167    0.0088 
    2  3.2113  1.2113  0.7887    0.9539    1.1373    1.0007   -0.0688   -0.0145    0.0057    0.3232    0.4952    0.3671   -0.0645   -0.0136    0.0053 
    3  3.2113  1.7887  0.2113    0.9064    0.9879    1.0783   -0.1497    0.0213   -0.0028   -0.3890   -0.3031   -0.2081   -0.1575    0.0224   -0.0029 
    4  3.2113  1.2113  0.2113    0.9450    1.1458    1.0031   -0.0707    0.0179   -0.0135    0.3140    0.5022    0.3684   -0.0663    0.0168   -0.0127 
    5  3.7887  1.7887  0.7887    0.9840    0.8694    1.0459   -0.0889   -0.0130    0.0053   -0.5660   -0.6927   -0.4976   -0.0983   -0.0143    0.0059 
    6  3.7887  1.2113  0.7887    1.0232    1.0291    0.9934   -0.0087   -0.0120    0.0047    0.2338    0.2395    0.2051   -0.0084   -0.0116    0.0046 
    7  3.7887  1.7887  0.2113    0.9754    0.8813    1.0474   -0.0913    0.0163    0.0033   -0.5505   -0.6542   -0.4714   -0.1005    0.0179    0.0036 
    8  3.7887  1.2113  0.2113    1.0141    1.0391    0.9946   -0.0123    0.0125   -0.0055    0.2342    0.2583    0.2155   -0.0119    0.0120   -0.0053 
 
 Element; 20 
 int pt         Coords            B_11      B_22     B_33      B_12       B_13      B_23      s_11      s_22      s_33      s_12      s_13      s_23 
    1  3.2113  0.7887  0.7887    0.8440    1.1766    0.9513    0.1030   -0.0167    0.0058   -0.4897   -0.1377   -0.3761    0.1090   -0.0176    0.0061 
    2  3.2113  0.2113  0.7887    0.9261    1.3079    0.8909    0.2109   -0.0166    0.0038    0.0816    0.4514    0.0476    0.2043   -0.0161    0.0037 
    3  3.2113  0.7887  0.2113    0.8362    1.1845    0.9531    0.0992    0.0048   -0.0146   -0.4978   -0.1292   -0.3741    0.1049    0.0051   -0.0154 
    4  3.2113  0.2113  0.2113    0.9166    1.3147    0.8929    0.2057   -0.0001   -0.0248    0.0651    0.4512    0.0422    0.1995   -0.0001   -0.0240 
    5  3.7887  0.7887  0.7887    0.9536    1.1068    0.9576    0.1192   -0.0128    0.0047   -0.0681    0.0855   -0.0641    0.1195   -0.0129    0.0047 
    6  3.7887  0.2113  0.7887    1.0357    1.2382    0.9121    0.2271   -0.0124    0.0037    0.5699    0.7538    0.4576    0.2063   -0.0112    0.0033 
    7  3.7887  0.7887  0.2113    0.9444    1.1153    0.9586    0.1149    0.0045   -0.0097   -0.0774    0.0939   -0.0632    0.1152    0.0045   -0.0097 
    8  3.7887  0.2113  0.2113    1.0248    1.2455    0.9132    0.2214   -0.0001   -0.0190    0.5522    0.7530    0.4508    0.2014   -0.0001   -0.0173 
 
 Element; 21 
 int pt         Coords            B_11      B_22     B_33      B_12       B_13      B_23      s_11      s_22      s_33      s_12      s_13      s_23 
    1  2.2113  1.7887  1.7887    0.7774    1.0278    1.1010   -0.1316    0.0016    0.0159   -0.9411   -0.6572   -0.5743   -0.1491    0.0019    0.0180 
    2  2.2113  1.2113  1.7887    0.8962    1.1363    1.0266   -0.0150   -0.0087    0.0076    0.1041    0.3355    0.2297   -0.0144   -0.0084    0.0073 
    3  2.2113  1.7887  1.2113    0.7902    1.0184    1.0987   -0.1298    0.0287   -0.0083   -0.9027   -0.6451   -0.5545   -0.1466    0.0324   -0.0093 
    4  2.2113  1.2113  1.2113    0.9068    1.1214    1.0242   -0.0172    0.0209   -0.0137    0.0935    0.3012    0.2072   -0.0166    0.0202   -0.0132 
    5  2.7887  1.7887  1.7887    0.9220    0.9215    1.0925   -0.1465   -0.0119    0.0169   -0.5510   -0.5516   -0.3657   -0.1593   -0.0129    0.0183 
    6  2.7887  1.2113  1.7887    1.0411    1.0299    1.0117   -0.0298   -0.0197    0.0121    0.4212    0.4107    0.3937   -0.0279   -0.0185    0.0113 
    7  2.7887  1.7887  1.2113    0.9321    0.9175    1.0898   -0.1450    0.0213   -0.0067   -0.5195   -0.5353   -0.3487   -0.1570    0.0231   -0.0073 
    8  2.7887  1.2113  1.2113    1.0488    1.0204    1.0089   -0.0323    0.0161   -0.0086    0.4060    0.3793    0.3686   -0.0303    0.0151   -0.0081 
 
 Element; 22 
 int pt         Coords            B_11      B_22     B_33      B_12       B_13      B_23      s_11      s_22      s_33      s_12      s_13      s_23 
    1  2.2113  0.7887  1.7887    0.8769    1.1768    0.9741    0.1698   -0.0107    0.0003   -0.2509    0.0550   -0.1518    0.1731   -0.0109    0.0003 
    2  2.2113  0.2113  1.7887    1.0046    1.3448    0.9051    0.3163   -0.0178   -0.0038    0.5660    0.8729    0.4763    0.2853   -0.0160   -0.0034 
    3  2.2113  0.7887  1.2113    0.8845    1.1574    0.9717    0.1631    0.0166   -0.0179   -0.2834   -0.0031   -0.1938    0.1675    0.0171   -0.0184 
    4  2.2113  0.2113  1.2113    1.0057    1.3185    0.9028    0.3029    0.0095   -0.0220    0.4886    0.7745    0.3945    0.2770    0.0087   -0.0201 
    5  2.7887  0.7887  1.7887    0.9844    1.0499    0.9573    0.1763   -0.0141    0.0023   -0.2180   -0.1502   -0.2461    0.1825   -0.0146    0.0024 
    6  2.7887  0.2113  1.7887    1.1123    1.2177    0.8907    0.3228   -0.0173    0.0008    0.5861    0.6825    0.3834    0.2952   -0.0158    0.0007 
    7  2.7887  0.7887  1.2113    0.9876    1.0351    0.9551    0.1711    0.0156   -0.0119   -0.2690   -0.2194   -0.3030    0.1789    0.0163   -0.0124 
    8  2.7887  0.2113  1.2113    1.1090    1.1960    0.8885    0.3109    0.0124   -0.0134    0.4917    0.5726    0.2868    0.2889    0.0116   -0.0125 
 
 Element; 23 
 int pt         Coords            B_11      B_22     B_33      B_12       B_13      B_23      s_11      s_22      s_33      s_12      s_13      s_23 
    1  2.2113  1.7887  0.7887    0.7902    1.0184    1.0987   -0.1298   -0.0287    0.0083   -0.9027   -0.6451   -0.5545   -0.1466   -0.0324    0.0093 
    2  2.2113  1.2113  0.7887    0.9068    1.1214    1.0242   -0.0172   -0.0209    0.0137    0.0935    0.3012    0.2072   -0.0166   -0.0202    0.0132 
    3  2.2113  1.7887  0.2113    0.7774    1.0278    1.1010   -0.1316   -0.0016   -0.0159   -0.9411   -0.6572   -0.5743   -0.1491   -0.0019   -0.0180 
    4  2.2113  1.2113  0.2113    0.8962    1.1363    1.0266   -0.0150    0.0087   -0.0076    0.1041    0.3355    0.2297   -0.0144    0.0084   -0.0073 
    5  2.7887  1.7887  0.7887    0.9321    0.9175    1.0898   -0.1450   -0.0213    0.0067   -0.5195   -0.5353   -0.3487   -0.1570   -0.0231    0.0073 
    6  2.7887  1.2113  0.7887    1.0488    1.0204    1.0089   -0.0323   -0.0161    0.0086    0.4060    0.3793    0.3686   -0.0303   -0.0151    0.0081 
    7  2.7887  1.7887  0.2113    0.9220    0.9215    1.0925   -0.1465    0.0119   -0.0169   -0.5510   -0.5516   -0.3657   -0.1593    0.0129   -0.0183 
    8  2.7887  1.2113  0.2113    1.0411    1.0299    1.0117   -0.0298    0.0197   -0.0121    0.4212    0.4107    0.3937   -0.0279    0.0185   -0.0113 
 
 Element; 24 
 int pt         Coords            B_11      B_22     B_33      B_12       B_13      B_23      s_11      s_22      s_33      s_12      s_13      s_23 
    1  2.2113  0.7887  0.7887    0.8845    1.1574    0.9717    0.1631   -0.0166    0.0179   -0.2834   -0.0031   -0.1938    0.1675   -0.0171    0.0184 
    2  2.2113  0.2113  0.7887    1.0057    1.3185    0.9028    0.3029   -0.0095    0.0220    0.4886    0.7745    0.3945    0.2770   -0.0087    0.0201 
    3  2.2113  0.7887  0.2113    0.8769    1.1768    0.9741    0.1698    0.0107   -0.0003   -0.2509    0.0550   -0.1518    0.1731    0.0109   -0.0003 
    4  2.2113  0.2113  0.2113    1.0046    1.3448    0.9051    0.3163    0.0178    0.0038    0.5660    0.8729    0.4763    0.2853    0.0160    0.0034 
    5  2.7887  0.7887  0.7887    0.9876    1.0351    0.9551    0.1711   -0.0156    0.0119   -0.2690   -0.2194   -0.3030    0.1789   -0.0163    0.0124 
    6  2.7887  0.2113  0.7887    1.1090    1.1960    0.8885    0.3109   -0.0124    0.0134    0.4917    0.5726    0.2868    0.2889   -0.0116    0.0125 
    7  2.7887  0.7887  0.2113    0.9844    1.0499    0.9573    0.1763    0.0141   -0.0023   -0.2180   -0.1502   -0.2461    0.1825    0.0146   -0.0024 
    8  2.7887  0.2113  0.2113    1.1123    1.2177    0.8907    0.3228    0.0173   -0.0008    0.5861    0.6825    0.3834    0.2952    0.0158   -0.0007 
 
 Element; 25 
 int pt         Coords            B_11      B_22     B_33      B_12       B_13      B_23      s_11      s_22      s_33      s_12      s_13      s_23 
    1  1.2113  1.7887  1.7887    0.6188    1.1916    1.2230   -0.1203   -0.0589    0.0276   -1.0564   -0.4191   -0.3842   -0.1339   -0.0656    0.0307 
    2  1.2113  1.2113  1.7887    0.8715    1.3632    1.0661    0.0897   -0.0325    0.0387    1.0132    1.4201    1.1742    0.0742   -0.0269    0.0320 
    3  1.2113  1.7887  1.2113    0.5921    1.1611    1.2115   -0.1340   -0.0035   -0.0281   -1.4682   -0.7905   -0.7305   -0.1596   -0.0042   -0.0335 
    4  1.2113  1.2113  1.2113    0.8520    1.3257    1.0568    0.0743    0.0059   -0.0279    0.6991    1.1098    0.8767    0.0644    0.0051   -0.0242 
    5  1.7887  1.7887  1.7887    0.7889    0.8937    1.1368   -0.1929   -0.0355    0.0030   -1.4833   -1.3512   -1.0450   -0.2430   -0.0447    0.0038 
    6  1.7887  1.2113  1.7887    1.0412    1.0650    1.0407    0.0174   -0.0176    0.0124    0.7317    0.7528    0.7312    0.0154   -0.0156    0.0110 
    7  1.7887  1.7887  1.2113    0.7700    0.8658    1.1309   -0.2129    0.0158   -0.0178   -1.8237   -1.6952   -1.3393   -0.2857    0.0212   -0.0239 
    8  1.7887  1.2113  1.2113    1.0295    1.0302    1.0370   -0.0044    0.0167   -0.0194    0.4812    0.4819    0.4881   -0.0041    0.0155   -0.0179 
 
 Element; 26 
 int pt         Coords            B_11      B_22     B_33      B_12       B_13      B_23      s_11      s_22      s_33      s_12      s_13      s_23 
    1  1.2113  0.7887  1.7887    1.0303    1.0297    0.9589    0.3916    0.0025    0.0342   -0.6502   -0.6509   -0.7304    0.4401    0.0028    0.0385 
    2  1.2113  0.2113  1.7887    1.3911    1.0471    0.8223    0.5214    0.0508    0.0622    0.1579   -0.1951   -0.4258    0.5351    0.0521    0.0638 
    3  1.2113  0.7887  1.2113    1.0210    0.9995    0.9492    0.3749    0.0168   -0.0296   -0.8336   -0.8586   -0.9172    0.4363    0.0196   -0.0345 
    4  1.2113  0.2113  1.2113    1.4009    1.0198    0.8101    0.5102    0.0315   -0.0213    0.0564   -0.3434   -0.5634    0.5353    0.0330   -0.0223 
    5  1.7887  0.7887  1.7887    1.1747    1.0090    0.9740    0.2675    0.0079    0.0230    0.5266    0.3717    0.3390    0.2500    0.0074    0.0215 
    6  1.7887  0.2113  1.7887    1.5350    1.0265    0.8877    0.3977    0.0484    0.0460    1.5192    1.0982    0.9833    0.3292    0.0401    0.0380 
    7  1.7887  0.7887  1.2113    1.1729    0.9751    0.9701    0.2459    0.0207   -0.0190    0.3743    0.1844    0.1796    0.2361    0.0198   -0.0183 
    8  1.7887  0.2113  1.2113    1.5524    0.9955    0.8814    0.3815    0.0276   -0.0156    1.4449    0.9769    0.8810    0.3206    0.0232   -0.0131 
 
 Element; 27 
 int pt         Coords            B_11      B_22     B_33      B_12       B_13      B_23      s_11      s_22      s_33      s_12      s_13      s_23 
    1  1.2113  1.7887  0.7887    0.5921    1.1611    1.2115   -0.1340    0.0035    0.0281   -1.4682   -0.7905   -0.7305   -0.1596    0.0042    0.0335 
    2  1.2113  1.2113  0.7887    0.8520    1.3257    1.0568    0.0743   -0.0059    0.0279    0.6991    1.1098    0.8767    0.0644   -0.0051    0.0242 
    3  1.2113  1.7887  0.2113    0.6188    1.1916    1.2230   -0.1203    0.0589   -0.0276   -1.0564   -0.4191   -0.3842   -0.1339    0.0656   -0.0307 
    4  1.2113  1.2113  0.2113    0.8715    1.3632    1.0661    0.0897    0.0325   -0.0387    1.0132    1.4201    1.1742    0.0742    0.0269   -0.0320 
    5  1.7887  1.7887  0.7887    0.7700    0.8658    1.1309   -0.2129   -0.0158    0.0178   -1.8237   -1.6952   -1.3393   -0.2857   -0.0212    0.0239 
    6  1.7887  1.2113  0.7887    1.0295    1.0302    1.0370   -0.0044   -0.0167    0.0194    0.4812    0.4819    0.4881   -0.0041   -0.0155    0.0179 
    7  1.7887  1.7887  0.2113    0.7889    0.8937    1.1368   -0.1929    0.0355   -0.0030   -1.4833   -1.3512   -1.0450   -0.2430    0.0447   -0.0038 
    8  1.7887  1.2113  0.2113    1.0412    1.0650    1.0407    0.0174    0.0176   -0.0124    0.7317    0.7528    0.7312    0.0154    0.0156   -0.0110 
 
 Element; 28 
 int pt         Coords            B_11      B_22     B_33      B_12       B_13      B_23      s_11      s_22      s_33      s_12      s_13      s_23 
    1  1.2113  0.7887  0.7887    1.0210    0.9995    0.9492    0.3749   -0.0168    0.0296   -0.8336   -0.8586   -0.9172    0.4363   -0.0196    0.0345 
    2  1.2113  0.2113  0.7887    1.4009    1.0198    0.8101    0.5102   -0.0315    0.0213    0.0564   -0.3434   -0.5634    0.5353   -0.0330    0.0223 
    3  1.2113  0.7887  0.2113    1.0303    1.0297    0.9589    0.3916   -0.0025   -0.0342   -0.6502   -0.6509   -0.7304    0.4401   -0.0028   -0.0385 
    4  1.2113  0.2113  0.2113    1.3911    1.0471    0.8223    0.5214   -0.0508   -0.0622    0.1579   -0.1951   -0.4258    0.5351   -0.0521   -0.0638 
    5  1.7887  0.7887  0.7887    1.1729    0.9751    0.9701    0.2459   -0.0207    0.0190    0.3743    0.1844    0.1796    0.2361   -0.0198    0.0183 
    6  1.7887  0.2113  0.7887    1.5524    0.9955    0.8814    0.3815   -0.0276    0.0156    1.4449    0.9769    0.8810    0.3206   -0.0232    0.0131 
    7  1.7887  0.7887  0.2113    1.1747    1.0090    0.9740    0.2675   -0.0079   -0.0230    0.5266    0.3717    0.3390    0.2500   -0.0074   -0.0215 
    8  1.7887  0.2113  0.2113    1.5350    1.0265    0.8877    0.3977   -0.0484   -0.0460    1.5192    1.0982    0.9833    0.3292   -0.0401   -0.0380 
 
 Element; 29 
 int pt         Coords            B_11      B_22     B_33      B_12       B_13      B_23      s_11      s_22      s_33      s_12      s_13      s_23 
    1  0.2113  1.7887  1.7887    0.5957    1.0736    1.0573    0.0957    0.0690    0.0331   -2.3110   -1.6364   -1.6593    0.1351    0.0974    0.0467 
    2  0.2113  1.2113  1.7887    0.9547    1.0604    1.0144    0.1110    0.0255    0.0165    0.0131    0.1177    0.0721    0.1098    0.0252    0.0163 
    3  0.2113  1.7887  1.2113    0.5880    1.0849    1.0493    0.1190    0.0197    0.0014   -2.3671   -1.6594   -1.7101    0.1695    0.0281    0.0020 
    4  0.2113  1.2113  1.2113    0.9368    1.0716    1.0133    0.1434    0.0092   -0.0044   -0.0891    0.0461   -0.0124    0.1438    0.0093   -0.0044 
    5  0.7887  1.7887  1.7887    0.6693    1.1401    1.2036   -0.1219    0.0511    0.0688   -0.9156   -0.3984   -0.3286   -0.1339    0.0561    0.0756 
    6  0.7887  1.2113  1.7887    1.0284    1.1274    1.0582   -0.1068    0.0116    0.0506    0.9719    1.0563    0.9974   -0.0910    0.0098    0.0432 
    7  0.7887  1.7887  1.2113    0.6586    1.1433    1.1888   -0.0928    0.0190   -0.0134   -0.9706   -0.4337   -0.3832   -0.1028    0.0211   -0.0148 
    8  0.7887  1.2113  1.2113    1.0075    1.1304    1.0503   -0.0687    0.0125   -0.0208    0.8641    0.9703    0.9011   -0.0594    0.0108   -0.0180 
 
 Element; 30 
 int pt         Coords            B_11      B_22     B_33      B_12       B_13      B_23      s_11      s_22      s_33      s_12      s_13      s_23 
    1  0.2113  0.7887  1.7887    1.2273    0.9558    0.9885    0.2014   -0.0232    0.0048    0.7325    0.4852    0.5150    0.1834   -0.0211    0.0044 
    2  0.2113  0.2113  1.7887    1.5947    1.0377    0.9609    0.4098   -0.1096   -0.0231    2.2025    1.7860    1.7286    0.3064   -0.0820   -0.0173 
    3  0.2113  0.7887  1.2113    1.2001    0.9726    0.9874    0.2389   -0.0029   -0.0084    0.6056    0.3948    0.4085    0.2213   -0.0027   -0.0078 
    4  0.2113  0.2113  1.2113    1.5527    1.0651    0.9527    0.4507   -0.0246   -0.0166    2.0301    1.6576    1.5717    0.3444   -0.0188   -0.0127 
    5  0.7887  0.7887  1.7887    1.2693    0.7167    0.9619    0.0823   -0.0293    0.0214   -0.3646   -0.9868   -0.7107    0.0926   -0.0329    0.0241 
    6  0.7887  0.2113  1.7887    1.6369    0.7988    0.8437    0.2904   -0.1128   -0.0046    0.6436   -0.1794   -0.1353    0.2852   -0.1107   -0.0045 
    7  0.7887  0.7887  1.2113    1.2397    0.7319    0.9537    0.1234    0.0044   -0.0291   -0.4792   -1.0610   -0.8069    0.1414    0.0050   -0.0334 
    8  0.7887  0.2113  1.2113    1.5925    0.8245    0.8284    0.3350   -0.0145   -0.0354    0.4781   -0.2944   -0.2906    0.3370   -0.0146   -0.0356 
 
 Element; 31 
 int pt         Coords            B_11      B_22     B_33      B_12       B_13      B_23      s_11      s_22      s_33      s_12      s_13      s_23 
    1  0.2113  1.7887  0.7887    0.5880    1.0849    1.0493    0.1190   -0.0197   -0.0014   -2.3671   -1.6594   -1.7101    0.1695   -0.0281   -0.0020 
    2  0.2113  1.2113  0.7887    0.9368    1.0716    1.0133    0.1434   -0.0092    0.0044   -0.0891    0.0461   -0.0124    0.1438   -0.0093    0.0044 
    3  0.2113  1.7887  0.2113    0.5957    1.0736    1.0573    0.0957   -0.0690   -0.0331   -2.3110   -1.6364   -1.6593    0.1351   -0.0974   -0.0467 
    4  0.2113  1.2113  0.2113    0.9547    1.0604    1.0144    0.1110   -0.0255   -0.0165    0.0131    0.1177    0.0721    0.1098   -0.0252   -0.0163 
    5  0.7887  1.7887  0.7887    0.6586    1.1433    1.1888   -0.0928   -0.0190    0.0134   -0.9706   -0.4337   -0.3832   -0.1028   -0.0211    0.0148 
    6  0.7887  1.2113  0.7887    1.0075    1.1304    1.0503   -0.0687   -0.0125    0.0208    0.8641    0.9703    0.9011   -0.0594   -0.0108    0.0180 
    7  0.7887  1.7887  0.2113    0.6693    1.1401    1.2036   -0.1219   -0.0511   -0.0688   -0.9156   -0.3984   -0.3286   -0.1339   -0.0561   -0.0756 
    8  0.7887  1.2113  0.2113    1.0284    1.1274    1.0582   -0.1068   -0.0116   -0.0506    0.9719    1.0563    0.9974   -0.0910   -0.0098   -0.0432 
 
 Element; 32 
 int pt         Coords            B_11      B_22     B_33      B_12       B_13      B_23      s_11      s_22      s_33      s_12      s_13      s_23 
    1  0.2113  0.7887  0.7887    1.2001    0.9726    0.9874    0.2389    0.0029    0.0084    0.6056    0.3948    0.4085    0.2213    0.0027    0.0078 
    2  0.2113  0.2113  0.7887    1.5527    1.0651    0.9527    0.4507    0.0246    0.0166    2.0301    1.6576    1.5717    0.3444    0.0188    0.0127 
    3  0.2113  0.7887  0.2113    1.2273    0.9558    0.9885    0.2014    0.0232   -0.0048    0.7325    0.4852    0.5150    0.1834    0.0211   -0.0044 
    4  0.2113  0.2113  0.2113    1.5947    1.0377    0.9609    0.4098    0.1096    0.0231    2.2025    1.7860    1.7286    0.3064    0.0820    0.0173 
    5  0.7887  0.7887  0.7887    1.2397    0.7319    0.9537    0.1234   -0.0044    0.0291   -0.4792   -1.0610   -0.8069    0.1414   -0.0050    0.0334 
    6  0.7887  0.2113  0.7887    1.5925    0.8245    0.8284    0.3350    0.0145    0.0354    0.4781   -0.2944   -0.2906    0.3370    0.0146    0.0356 
    7  0.7887  0.7887  0.2113    1.2693    0.7167    0.9619    0.0823    0.0293   -0.0214   -0.3646   -0.9868   -0.7107    0.0926    0.0329   -0.0241 
    8  0.7887  0.2113  0.2113    1.6369    0.7988    0.8437    0.2904    0.1128    0.0046    0.6436   -0.1794   -0.1353    0.2852    0.1107    0.0045 
