       554
        36	         1	  0.00000000
        36	         2	  0.00000000
         1	         3	  0.00000000
         2	         3	  0.00000000
         3	         3	  0.00000000
         4	         3	  0.00000000
         5	         3	  0.00000000
         6	         3	  0.00000000
         7	         3	  0.00000000
         8	         3	  0.00000000
         9	         3	  0.00000000
        10	         3	  0.00000000
        11	         3	  0.00000000
        12	         3	  0.00000000
        13	         3	  0.00000000
        14	         3	  0.00000000
        15	         3	  0.00000000
        16	         3	  0.00000000
        17	         3	  0.00000000
        18	         3	  0.00000000
        19	         3	  0.00000000
        20	         3	  0.00000000
        21	         3	  0.00000000
        22	         3	  0.00000000
        23	         3	  0.00000000
        24	         3	  0.00000000
        25	         3	  0.00000000
        26	         3	  0.00000000
        27	         3	  0.00000000
        28	         3	  0.00000000
        29	         3	  0.00000000
        30	         3	  0.00000000
        31	         3	  0.00000000
        32	         3	  0.00000000
        33	         3	  0.00000000
        34	         3	  0.00000000
        35	         3	  0.00000000
        36	         3	  0.00000000
        37	         3	  0.00000000
        38	         3	  0.00000000
        39	         3	  0.00000000
        40	         3	  0.00000000
        41	         3	  0.00000000
        42	         3	  0.00000000
        43	         3	  0.00000000
        44	         3	  0.00000000
        45	         3	  0.00000000
        46	         3	  0.00000000
        47	         3	  0.00000000
        48	         3	  0.00000000
        49	         3	  0.00000000
        50	         3	  0.00000000
        51	         3	  0.00000000
        52	         3	  0.00000000
        53	         3	  0.00000000
        54	         3	  0.00000000
        55	         3	  0.00000000
        56	         3	  0.00000000
        57	         3	  0.00000000
        58	         3	  0.00000000
        59	         3	  0.00000000
        60	         3	  0.00000000
        61	         3	  0.00000000
        62	         3	  0.00000000
        63	         3	  0.00000000
        64	         3	  0.00000000
        65	         3	  0.00000000
        66	         3	  0.00000000
        67	         3	  0.00000000
        68	         3	  0.00000000
        69	         3	  0.00000000
        70	         3	  0.00000000
        71	         3	  0.00000000
        72	         3	  0.00000000
        73	         3	  0.00000000
        74	         3	  0.00000000
        75	         3	  0.00000000
        76	         3	  0.00000000
        77	         3	  0.00000000
        78	         3	  0.00000000
        79	         3	  0.00000000
        80	         3	  0.00000000
        81	         3	  0.00000000
        82	         3	  0.00000000
        83	         3	  0.00000000
        84	         3	  0.00000000
        85	         3	  0.00000000
        86	         3	  0.00000000
        87	         3	  0.00000000
        88	         3	  0.00000000
        89	         3	  0.00000000
        90	         3	  0.00000000
        91	         3	  0.00000000
        92	         3	  0.00000000
        93	         3	  0.00000000
        94	         3	  0.00000000
        95	         3	  0.00000000
        96	         3	  0.00000000
        97	         3	  0.00000000
        98	         3	  0.00000000
        99	         3	  0.00000000
       100	         3	  0.00000000
       101	         3	  0.00000000
       102	         3	  0.00000000
       103	         3	  0.00000000
       104	         3	  0.00000000
       105	         3	  0.00000000
       106	         3	  0.00000000
       107	         3	  0.00000000
       108	         3	  0.00000000
       109	         3	  0.00000000
       110	         3	  0.00000000
       111	         3	  0.00000000
       112	         3	  0.00000000
       113	         3	  0.00000000
       114	         3	  0.00000000
       115	         3	  0.00000000
       116	         3	  0.00000000
       117	         3	  0.00000000
       118	         3	  0.00000000
       119	         3	  0.00000000
       120	         3	  0.00000000
       121	         3	  0.00000000
       122	         3	  0.00000000
       123	         3	  0.00000000
       124	         3	  0.00000000
       125	         3	  0.00000000
       126	         3	  0.00000000
       127	         3	  0.00000000
       128	         3	  0.00000000
       129	         3	  0.00000000
       130	         3	  0.00000000
       131	         3	  0.00000000
       132	         3	  0.00000000
       133	         3	  0.00000000
       134	         3	  0.00000000
       135	         3	  0.00000000
       136	         3	  0.00000000
       137	         3	  0.00000000
       138	         3	  0.00000000
       139	         3	  0.00000000
       140	         3	  0.00000000
       141	         3	  0.00000000
       142	         3	  0.00000000
       143	         3	  0.00000000
       144	         3	  0.00000000
       145	         3	  0.00000000
       146	         3	  0.00000000
       147	         3	  0.00000000
       148	         3	  0.00000000
       149	         3	  0.00000000
       150	         3	  0.00000000
       151	         3	  0.00000000
       152	         3	  0.00000000
       153	         3	  0.00000000
       154	         3	  0.00000000
       155	         3	  0.00000000
       156	         3	  0.00000000
       157	         3	  0.00000000
       158	         3	  0.00000000
       159	         3	  0.00000000
       160	         3	  0.00000000
       161	         3	  0.00000000
       162	         3	  0.00000000
       163	         3	  0.00000000
       164	         3	  0.00000000
       165	         3	  0.00000000
       166	         3	  0.00000000
       167	         3	  0.00000000
       168	         3	  0.00000000
       169	         3	  0.00000000
       170	         3	  0.00000000
       171	         3	  0.00000000
       172	         3	  0.00000000
       173	         3	  0.00000000
       174	         3	  0.00000000
       175	         3	  0.00000000
       176	         3	  0.00000000
       177	         3	  0.00000000
       178	         3	  0.00000000
       179	         3	  0.00000000
       180	         3	  0.00000000
       181	         3	  0.00000000
       182	         3	  0.00000000
       183	         3	  0.00000000
       184	         3	  0.00000000
       185	         3	  0.00000000
       186	         3	  0.00000000
       187	         3	  0.00000000
       188	         3	  0.00000000
       189	         3	  0.00000000
       190	         3	  0.00000000
       191	         3	  0.00000000
       192	         3	  0.00000000
       193	         3	  0.00000000
       194	         3	  0.00000000
       195	         3	  0.00000000
       196	         3	  0.00000000
       197	         3	  0.00000000
       198	         3	  0.00000000
       199	         3	  0.00000000
       200	         3	  0.00000000
       201	         3	  0.00000000
       202	         3	  0.00000000
       203	         3	  0.00000000
       204	         3	  0.00000000
       205	         3	  0.00000000
       206	         3	  0.00000000
       207	         3	  0.00000000
       208	         3	  0.00000000
       209	         3	  0.00000000
       210	         3	  0.00000000
       211	         3	  0.00000000
       212	         3	  0.00000000
       213	         3	  0.00000000
       214	         3	  0.00000000
       215	         3	  0.00000000
       216	         3	  0.00000000
       217	         3	  0.00000000
       218	         3	  0.00000000
       219	         3	  0.00000000
       220	         3	  0.00000000
       221	         3	  0.00000000
       222	         3	  0.00000000
       223	         3	  0.00000000
       224	         3	  0.00000000
       225	         3	  0.00000000
       226	         3	  0.00000000
       227	         3	  0.00000000
       228	         3	  0.00000000
       229	         3	  0.00000000
       230	         3	  0.00000000
       231	         3	  0.00000000
       232	         3	  0.00000000
       233	         3	  0.00000000
       234	         3	  0.00000000
       235	         3	  0.00000000
       236	         3	  0.00000000
       237	         3	  0.00000000
       238	         3	  0.00000000
       239	         3	  0.00000000
       240	         3	  0.00000000
       241	         3	  0.00000000
       242	         3	  0.00000000
       243	         3	  0.00000000
       244	         3	  0.00000000
       245	         3	  0.00000000
       246	         3	  0.00000000
       247	         3	  0.00000000
       248	         3	  0.00000000
       249	         3	  0.00000000
       250	         3	  0.00000000
       251	         3	  0.00000000
       252	         3	  0.00000000
       253	         3	  0.00000000
       254	         3	  0.00000000
       255	         3	  0.00000000
       256	         3	  0.00000000
       257	         3	  0.00000000
       258	         3	  0.00000000
       259	         3	  0.00000000
       260	         3	  0.00000000
       261	         3	  0.00000000
       262	         3	  0.00000000
       263	         3	  0.00000000
       264	         3	  0.00000000
       265	         3	  0.00000000
       266	         3	  0.00000000
       267	         3	  0.00000000
       268	         3	  0.00000000
       269	         3	  0.00000000
       270	         3	  0.00000000
       271	         3	  0.00000000
       272	         3	  0.00000000
       273	         3	  0.00000000
       274	         3	  0.00000000
       275	         3	  0.00000000
       276	         3	  0.00000000
       277	         3	  0.00000000
       278	         3	  0.00000000
       279	         3	  0.00000000
       280	         3	  0.00000000
       281	         3	  0.00000000
       282	         3	  0.00000000
       283	         3	  0.00000000
       284	         3	  0.00000000
       285	         3	  0.00000000
       286	         3	  0.00000000
       287	         3	  0.00000000
       288	         3	  0.00000000
       289	         3	  0.00000000
       290	         3	  0.00000000
       291	         3	  0.00000000
       292	         3	  0.00000000
       293	         3	  0.00000000
       294	         3	  0.00000000
       295	         3	  0.00000000
       296	         3	  0.00000000
       297	         3	  0.00000000
       298	         3	  0.00000000
       299	         3	  0.00000000
       300	         3	  0.00000000
       301	         3	  0.00000000
       302	         3	  0.00000000
       303	         3	  0.00000000
       304	         3	  0.00000000
       305	         3	  0.00000000
       306	         3	  0.00000000
       307	         3	  0.00000000
       308	         3	  0.00000000
       309	         3	  0.00000000
       310	         3	  0.00000000
       311	         3	  0.00000000
       312	         3	  0.00000000
       313	         3	  0.00000000
       314	         3	  0.00000000
       315	         3	  0.00000000
       316	         3	  0.00000000
       317	         3	  0.00000000
       318	         3	  0.00000000
       319	         3	  0.00000000
       320	         3	  0.00000000
       321	         3	  0.00000000
       322	         3	  0.00000000
       323	         3	  0.00000000
       324	         3	  0.00000000
       325	         3	  0.00000000
       326	         3	  0.00000000
       327	         3	  0.00000000
       328	         3	  0.00000000
       329	         3	  0.00000000
       330	         3	  0.00000000
       331	         3	  0.00000000
       332	         3	  0.00000000
       333	         3	  0.00000000
       334	         3	  0.00000000
       335	         3	  0.00000000
       336	         3	  0.00000000
       337	         3	  0.00000000
       338	         3	  0.00000000
       339	         3	  0.00000000
       340	         3	  0.00000000
       341	         3	  0.00000000
       342	         3	  0.00000000
       343	         3	  0.00000000
       344	         3	  0.00000000
       345	         3	  0.00000000
       346	         3	  0.00000000
       347	         3	  0.00000000
       348	         3	  0.00000000
       349	         3	  0.00000000
       350	         3	  0.00000000
       351	         3	  0.00000000
       352	         3	  0.00000000
       353	         3	  0.00000000
       354	         3	  0.00000000
       355	         3	  0.00000000
       356	         3	  0.00000000
       357	         3	  0.00000000
       358	         3	  0.00000000
       359	         3	  0.00000000
       360	         3	  0.00000000
       361	         3	  0.00000000
       362	         3	  0.00000000
       363	         3	  0.00000000
       364	         3	  0.00000000
       365	         3	  0.00000000
       366	         3	  0.00000000
       367	         3	  0.00000000
       368	         3	  0.00000000
       369	         3	  0.00000000
       370	         3	  0.00000000
       371	         3	  0.00000000
       372	         3	  0.00000000
       373	         3	  0.00000000
       374	         3	  0.00000000
       375	         3	  0.00000000
       376	         3	  0.00000000
       377	         3	  0.00000000
       378	         3	  0.00000000
       379	         3	  0.00000000
       380	         3	  0.00000000
       381	         3	  0.00000000
       382	         3	  0.00000000
       383	         3	  0.00000000
       384	         3	  0.00000000
       385	         3	  0.00000000
       386	         3	  0.00000000
       387	         3	  0.00000000
       388	         3	  0.00000000
       389	         3	  0.00000000
       390	         3	  0.00000000
       391	         3	  0.00000000
       392	         3	  0.00000000
       393	         3	  0.00000000
       394	         3	  0.00000000
       395	         3	  0.00000000
       396	         3	  0.00000000
       397	         3	  0.00000000
       398	         3	  0.00000000
       399	         3	  0.00000000
       400	         3	  0.00000000
       401	         3	  0.00000000
       402	         3	  0.00000000
       403	         3	  0.00000000
       404	         3	  0.00000000
       405	         3	  0.00000000
       406	         3	  0.00000000
       407	         3	  0.00000000
       408	         3	  0.00000000
       409	         3	  0.00000000
       410	         3	  0.00000000
       411	         3	  0.00000000
       412	         3	  0.00000000
       413	         3	  0.00000000
       414	         3	  0.00000000
       415	         3	  0.00000000
       416	         3	  0.00000000
       417	         3	  0.00000000
       418	         3	  0.00000000
       419	         3	  0.00000000
       420	         3	  0.00000000
       421	         3	  0.00000000
       422	         3	  0.00000000
       423	         3	  0.00000000
       424	         3	  0.00000000
       425	         3	  0.00000000
       426	         3	  0.00000000
       427	         3	  0.00000000
       428	         3	  0.00000000
       429	         3	  0.00000000
       430	         3	  0.00000000
       431	         3	  0.00000000
       432	         3	  0.00000000
       433	         3	  0.00000000
       434	         3	  0.00000000
       435	         3	  0.00000000
       436	         3	  0.00000000
       437	         3	  0.00000000
       438	         3	  0.00000000
       439	         3	  0.00000000
       440	         3	  0.00000000
       441	         3	  0.00000000
       442	         3	  0.00000000
       443	         3	  0.00000000
       444	         3	  0.00000000
       445	         3	  0.00000000
       446	         3	  0.00000000
       447	         3	  0.00000000
       448	         3	  0.00000000
       449	         3	  0.00000000
       450	         3	  0.00000000
       451	         3	  0.00000000
       452	         3	  0.00000000
       453	         3	  0.00000000
       454	         3	  0.00000000
       455	         3	  0.00000000
       456	         3	  0.00000000
       457	         3	  0.00000000
       458	         3	  0.00000000
       459	         3	  0.00000000
       460	         3	  0.00000000
       461	         3	  0.00000000
       462	         3	  0.00000000
       463	         3	  0.00000000
       464	         3	  0.00000000
       465	         3	  0.00000000
       466	         3	  0.00000000
       467	         3	  0.00000000
       468	         3	  0.00000000
       469	         3	  0.00000000
       470	         3	  0.00000000
       471	         3	  0.00000000
       472	         3	  0.00000000
       473	         3	  0.00000000
       474	         3	  0.00000000
       475	         3	  0.00000000
       476	         3	  0.00000000
       477	         3	  0.00000000
       478	         3	  0.00000000
       479	         3	  0.00000000
       480	         3	  0.00000000
       481	         3	  0.00000000
       482	         3	  0.00000000
       483	         3	  0.00000000
       484	         3	  0.00000000
       485	         3	  0.00000000
       486	         3	  0.00000000
       487	         3	  0.00000000
       488	         3	  0.00000000
       489	         3	  0.00000000
       490	         3	  0.00000000
       491	         3	  0.00000000
       492	         3	  0.00000000
       493	         3	  0.00000000
       494	         3	  0.00000000
       495	         3	  0.00000000
       496	         3	  0.00000000
       497	         3	  0.00000000
       498	         3	  0.00000000
       499	         3	  0.00000000
       500	         3	  0.00000000
       501	         3	  0.00000000
       502	         3	  0.00000000
       503	         3	  0.00000000
       504	         3	  0.00000000
       505	         3	  0.00000000
       506	         3	  0.00000000
       507	         3	  0.00000000
       508	         3	  0.00000000
       509	         3	  0.00000000
       510	         3	  0.00000000
       511	         3	  0.00000000
       512	         3	  0.00000000
       513	         3	  0.00000000
       514	         3	  0.00000000
       515	         3	  0.00000000
       516	         3	  0.00000000
       517	         3	  0.00000000
       518	         3	  0.00000000
       519	         3	  0.00000000
       520	         3	  0.00000000
       521	         3	  0.00000000
       522	         3	  0.00000000
       523	         3	  0.00000000
       524	         3	  0.00000000
       525	         3	  0.00000000
       526	         3	  0.00000000
       527	         3	  0.00000000
       528	         3	  0.00000000
       529	         3	  0.00000000
       530	         3	  0.00000000
       531	         3	  0.00000000
       532	         3	  0.00000000
       533	         3	  0.00000000
       534	         3	  0.00000000
       535	         3	  0.00000000
       536	         3	  0.00000000
       537	         3	  0.00000000
       538	         3	  0.00000000
       539	         3	  0.00000000
       540	         3	  0.00000000
       541	         3	  0.00000000
       542	         3	  0.00000000
       543	         3	  0.00000000
       544	         3	  0.00000000
       545	         3	  0.00000000
       546	         3	  0.00000000
       547	         3	  0.00000000
       548	         3	  0.00000000
       549	         3	  0.00000000
       550	         3	  0.00000000
       551	         3	  0.00000000
       552	         3	  0.00000000
