  -1727.3182502811042     
  -6522.1813287119267     
  -6393.2646788624388     
   17402.777441613453     
   146938.33489010719     
   96930.544895167288     
   143200.37878296635     
  -26926.112776354290     
   102797.91811459228     
  -3395.9550316791915     
  -13065.006893187847     
  0.16105239414537209     
   34864.760851082101     
   294820.17612317705     
  0.35277970113384072     
   286400.22793030122     
  -52886.476544783211     
  0.19185729678429198     
  -1727.2745951387224     
  -6521.9597250681545     
   6393.1031678788540     
   17403.052853698755     
   146938.55278365745     
  -96930.897783353925     
   143200.64519473788     
  -26926.167055640544     
  -102798.10936178151     
  -17396.035309456962     
  -118836.50487001936     
  -92156.910444507826     
  -234613.14965251094     
   198329.85424232710     
   112734.42644378336     
   111928.56580043210     
  -173255.48613971152     
   202491.11604543679     
  -33283.232146234397     
  -238799.77253084548     
  0.30251599985058419     
  -468301.64872121671     
   398492.12194108730     
  0.66766073124017566     
   223270.00902616244     
  -343550.97801626712     
  0.36557305959286168     
  -17396.217063587188     
  -118836.26614594572     
   92156.605720383595     
  -234613.21144608280     
   198329.87814862042     
  -112735.09448940090     
   111928.75488774639     
  -173255.80402207407     
  -202491.47893854295     
   128000.48702327705     
   5974.0512940942972     
  -63471.588528006323     
  -73551.046162170678     
   172816.56623319059     
   61585.520399500783     
   5155.4176050751776     
  -145977.05831933336     
   123155.34309999060     
   256877.70029057720     
   11404.772934895602     
  0.26466557453022688     
  -147089.74989632284     
   347874.60825856536     
  0.59235730096770567     
   9447.5873159016046     
  -289166.93252291658     
  0.32853360665467335     
   128000.33407107071     
   5974.2608580077867     
   63471.320271866440     
  -73551.103648199729     
   172816.58709899496     
  -61586.113529078815     
   5155.5797921573248     
  -145977.35304933123     
  -123155.66713159095     
  -57259.591879197615     
  -68712.852131621519     
  -34747.011633913266     
  -133863.52391607041     
  -48597.985802540767     
  -48528.757847475936     
  -57865.678956202566     
  -14160.208621389167     
  -14237.420433764077     
  -113535.82491768899     
  -139083.14490486975     
  0.22542845462157857     
  -266277.97284247330     
  -99712.849192451875     
  0.51301726631936617     
  -115265.55346850489     
  -29184.224159771635     
  0.28887396691425238     
  -57259.717899925046     
  -68712.672992359890     
   34746.781609086720     
  -133863.58155513709     
  -48597.968880878681     
   48528.243575952940     
  -57865.549732185937     
  -14160.478524292470     
   14237.137472204082     
   75705.098688820945     
  -29046.757486750175     
  -62763.801611151241     
   75975.170693174179     
   84026.673740197453     
  -82781.222877615946     
   35293.489670480019     
   41037.002960454956     
  -21161.403079189324     
   153176.22517699204     
  -60592.246395997841     
  0.17903933678280737     
   154200.89048940450     
   164982.52168045365     
  0.41663918469566852     
   71070.672347786633     
   81497.434174677517     
  0.23929038696951466     
   75705.000190232371     
  -29046.615357183251     
   62763.617540232670     
   75975.105252060559     
   84026.684085547051     
   82780.804601104392     
   35293.573571642497     
   41036.765730860279     
   21161.170564077664     
   5524.5545432206636     
  -5335.2955987148835     
  -7588.2521151747060     
  -16978.163505791927     
   26897.423187397322     
   17399.247156113604     
   1739.6547895657677     
  -27208.918791412510     
   23887.114754844813     
   11306.982966602089     
  -11108.366292607263     
  0.12262876790646260     
  -34192.218354086537     
   54957.317786634085     
  0.29300101164153602     
   2985.2860502778749     
  -52817.724045608127     
  0.17212543722234841     
   5524.4808196708073     
  -5335.1995488033317     
   7588.1252464958061     
  -16978.238443834798     
   26897.427197279711     
  -17399.541969463608     
   1739.6882639680261     
  -27209.100449951566     
  -23887.280946254214     
   8520.9358530961108     
   5696.0261105669279     
   4027.9604867869111     
   1583.1593969731621     
   4992.5270438336192     
   13294.334023983178     
  -2396.4283962131412     
  -11021.671129870647     
   9077.2957333583545     
   16747.583284199220     
   11810.177420890192     
  6.04410096511855954E-002
   2656.7832109936189     
   11116.544891608031     
  0.15470047099097428     
  -5008.2669326059913     
  -21329.930857334621     
  9.58571903229312738E-002
   8520.8871423591481     
   5696.0716413573900     
  -4028.0236603344383     
   1583.0866869672136     
   4992.5316143663167     
  -13294.490503195317     
  -2396.4343842675371     
  -11021.778328494038     
  -9077.3874414078291     
  -11890.519208380396     
   388.15898174673930     
   2113.3557105614236     
  -7448.2291738545391     
   3333.9871163167918     
   8859.5135098159190     
   4071.1257431531267     
  -7090.8516272202351     
   6668.5890827089006     
  -24412.055117880991     
   1052.6105207113196     
  1.51179607346421108E-002
  -15867.246244447640     
   7482.6781841712036     
  4.84840523567982018E-002
   7802.5094342697193     
  -13643.417728154369     
  3.43091036902478663E-002
  -11890.537739053354     
   388.17071878378738     
  -2113.3715278434829     
  -7448.2679059426591     
   3333.9975159401547     
  -8859.5628955126467     
   4071.1118762068800     
  -7090.8907101659424     
  -6668.6217083448073     
   40863.518093528524     
  -13737.446553740821     
  -16631.661224030449     
  -2468.6887563804848     
   27866.095795293695     
   2307.3454041109690     
  -37209.892064127016     
  -20201.736915548245     
   17870.950625068181     
   72771.775052874233     
  -32014.322490427570     
  4.52350937848677859E-004
  -8129.4972606321026     
   50213.227350216046     
  5.63008987228386104E-003
  -69411.934296462350     
  -42080.016370930272     
  5.32742468567448668E-003
   40863.517563557500     
  -13737.446137540721     
   16631.660760094841     
  -2468.6944146996975     
   27866.100333443806     
  -2307.3512034047053     
  -37209.896430674140     
  -20201.742622675083     
  -17870.955810989442     
